198.951549	90023	533.491783	533.690735
218.474347	97256	583.113356	583.331830
193.484106	97071	581.812721	582.006205
222.073097	97187	593.550622	593.772695
186.382678	72950	442.913541	443.099923
193.345917	8132	50.029608	50.222954
214.317500	117451	705.232461	705.446778
197.413037	125496	761.155358	761.352771
236.483710	8083	48.671268	48.907752
213.206642	101115	611.738156	611.951363
207.480558	122024	739.212428	739.419908
315.655417	169472	1021.637447	1021.953102
245.231654	88907	533.351656	533.596888
256.953702	129089	774.123968	774.380922
326.683538	24148	145.730027	146.056710
256.127321	241999	1453.830203	1454.086330
255.924977	112979	681.939418	682.195343
301.772976	193593	1165.955379	1166.257152
256.504932	241941	1455.462880	1455.719385
267.096980	24107	144.903837	145.170934
199.269415	89957	543.274427	543.473696
229.343708	84541	506.376397	506.605741
213.107701	105333	628.355756	628.568864
206.620425	40365	242.630244	242.836865
219.181173	105058	628.579731	628.798913
233.868604	40288	246.187676	246.421545
215.650250	105427	636.197389	636.413040
214.205718	88687	532.378247	532.592453
262.128018	185973	1123.508219	1123.770348
231.455233	189905	1148.944577	1149.176032
187.242434	71884	435.580341	435.767584
207.841311	28220	168.341838	168.549679
222.618191	92939	560.091748	560.314366
207.199401	125215	752.429414	752.636614
204.913882	149251	901.063856	901.268770
246.395445	157646	950.103568	950.349963
218.767237	48419	293.192962	293.411729
223.059707	101162	603.850776	604.073836
251.024047	121230	731.771528	732.022552
222.964242	84586	511.842310	512.065275
154.196888	54205	331.762311	331.916507
151.319908	82115	491.449652	491.600972
152.937415	8307	49.265889	49.418826
156.490370	73735	446.447323	446.603813
155.930755	16484	99.604326	99.760257
168.310930	106556	640.099087	640.267398
161.505749	82321	499.213443	499.374949
171.130365	73591	434.340985	434.512116
166.246804	82293	496.910209	497.076456
164.285385	106524	640.077620	640.241906
172.314328	49969	295.006282	295.178597
174.078324	36689	221.209348	221.383426
173.952210	4149	24.722881	24.896834
172.506348	36943	222.369133	222.541639
194.399028	49445	295.133763	295.328162
166.416326	49527	296.676841	296.843258
194.685020	40469	238.587150	238.781835
184.689639	36321	220.543455	220.728144
221.498102	52584	317.031357	317.252855
200.656179	64834	391.069005	391.269661
176.420719	69922	422.090601	422.267021
186.722569	85	0.457097	0.643820
188.378781	73013	441.516460	441.704839
187.484617	48619	293.004059	293.191543
190.541767	73279	438.963503	439.154045
220.261074	32509	194.903261	195.123522
182.138149	81499	490.460805	490.642943
190.790424	105617	636.320046	636.510836
197.627884	121879	731.504858	731.702486
230.857587	76940	464.702576	464.933434
186.026665	65884	394.906605	395.092632
216.481320	37	0.173210	0.389691
188.008871	2142	13.002400	13.190409
194.282038	20843	123.469172	123.663454
197.973829	4521	26.581274	26.779248
201.055730	4551	26.888458	27.089513
225.254859	125784	754.608358	754.833613
202.698937	12424	72.524440	72.727139
206.241278	4407	26.556575	26.762817
225.514619	101343	611.958034	612.183549
173.404765	75882	457.508956	457.682361
187.711718	8193	47.023322	47.211034
209.862671	93303	566.151786	566.361648
185.314439	93429	563.444124	563.629438
191.055962	65067	389.439010	389.630066
187.293215	93307	562.627386	562.814679
200.406663	93197	561.476271	561.676678
212.544220	28549	170.473044	170.685588
227.459251	8229	48.103908	48.331367
202.056203	149629	898.241441	898.443497
175.623554	68089	412.589268	412.764891
194.237303	24	0.153113	0.347350
183.622424	24948	147.814264	147.997886
209.830622	69730	423.237282	423.447112
195.568683	8440	52.094232	52.289801
225.985790	102023	621.985109	622.211095
191.348802	40977	249.361235	249.552584
186.877573	111	0.714463	0.901341
206.424886	101896	610.818543	611.024968
357.236154	61433	370.054619	370.411855
