2.040042	1000	5.615141	5.617181
0.021458	2	0.007166	0.007187
0.012580	1	0.003274	0.003286
0.011399	1	0.003979	0.003990
0.012365	2	0.010021	0.010033
0.011467	1	0.003406	0.003417
0.891305	517	3.147347	3.148238
0.728466	484	2.823876	2.824604
0.017189	1	0.003230	0.003247
0.633024	517	3.290247	3.290880
0.930528	496	3.014912	3.015842
1.504317	1000	5.615281	5.616785
0.021219	1	0.003399	0.003421
0.011656	1	0.004074	0.004086
0.012252	1	0.006063	0.006075
0.011202	1	0.002739	0.002750
0.012670	1	0.006275	0.006287
0.011522	1	0.003696	0.003707
0.011420	1	0.082097	0.082108
0.012065	1	0.003342	0.003354
0.015239	1	0.004842	0.004857
1.360979	505	2.688189	2.689550
0.017803	1	0.002990	0.003008
0.010888	1	0.003528	0.003539
0.013760	1	0.002949	0.002962
0.010902	1	0.003311	0.003322
0.060091	1	0.016497	0.016557
0.014106	1	0.002678	0.002692
0.010233	1	0.002757	0.002767
0.735947	505	3.226777	3.227513
0.014755	1	0.003016	0.003030
1.815361	1000	5.869055	5.870870
0.019016	1	0.003363	0.003382
0.012706	1	0.007407	0.007419
0.011137	1	0.003820	0.003831
0.011163	1	0.003203	0.003214
0.587349	485	2.994014	2.994602
0.016627	1	0.004453	0.004470
0.684305	516	2.655978	2.656662
1.814565	1000	6.142723	6.144537
0.013880	1	0.002678	0.002692
0.011143	1	0.003419	0.003430
0.010984	1	0.004477	0.004488
0.012040	1	0.003989	0.004002
0.011422	1	0.004326	0.004338
0.008748	1	0.002807	0.002815
0.011092	1	0.002967	0.002978
0.011097	1	0.004842	0.004853
0.011546	1	0.003245	0.003257
0.011427	1	0.002931	0.002943
0.015293	1	0.003162	0.003178
0.009450	1	0.003445	0.003454
0.012089	1	0.003218	0.003230
0.011211	1	0.006575	0.006586
0.012489	1	0.003372	0.003385
0.012132	1	0.028880	0.028892
0.905852	511	3.385508	3.386414
0.017416	1	0.005298	0.005315
1.454661	1000	5.871340	5.872794
0.587171	490	3.027532	3.028119
0.012614	1	0.004096	0.004108
0.011509	1	0.003354	0.003365
0.011120	1	0.002747	0.002758
0.011304	1	0.003406	0.003417
0.010444	1	0.005342	0.005352
0.012318	1	0.004477	0.004489
0.010634	1	0.002662	0.002672
0.008367	1	0.004912	0.004921
0.010530	1	0.003309	0.003320
0.843987	502	3.214049	3.214893
0.012534	1	0.002807	0.002819
0.012003	1	0.004129	0.004141
0.472200	264	1.648411	1.648883
0.017138	1	0.002723	0.002740
0.009751	1	0.003059	0.003068
0.011204	1	0.003059	0.003070
1.667394	1000	5.502356	5.504024
1.227284	1000	5.980683	5.981910
0.018272	1	0.003796	0.003814
0.016741	1	0.028880	0.028896
0.922374	509	3.024464	3.025387
0.018366	1	0.004629	0.004647
0.012298	1	0.002807	0.002819
0.011443	1	0.002662	0.002673
0.011295	1	0.005170	0.005181
0.011393	1	0.004184	0.004195
0.011749	1	0.004501	0.004513
0.903179	492	2.874728	2.875631
0.017441	1	0.003431	0.003448
0.012587	1	0.003237	0.003249
0.014710	1	0.004073	0.004087
0.012095	1	0.004842	0.004854
0.011157	1	0.003315	0.003326
0.010668	1	0.005391	0.005402
0.011159	1	0.008775	0.008786
0.011975	1	0.003411	0.003423
0.011790	1	0.017445	0.017457
0.011573	1	0.005378	0.005389
0.011075	1	0.002855	0.002866
0.011940	1	0.005489	0.005501
