1.037434	1	0.003791	0.004829
0.479206	1	0.004588	0.005067
0.513286	1	0.003372	0.003885
0.544161	1	0.004588	0.005132
0.555106	1	0.003041	0.003596
0.529464	1	0.048429	0.048958
0.526407	1	0.003315	0.003841
0.528841	1	0.005342	0.005871
0.525434	1	0.004407	0.004932
0.537799	1	0.002981	0.003519
1.168579	1	0.004588	0.005756
0.573988	1	0.003203	0.003777
0.580746	1	0.003301	0.003882
0.543632	1	0.003803	0.004347
0.523460	1	0.016497	0.017021
0.468416	1	0.005832	0.006301
0.471409	1	0.002747	0.003218
0.475554	1	0.006275	0.006750
0.461564	1	0.003342	0.003803
0.468546	1	0.003712	0.004180
1.111635	1	0.009338	0.010449
15.805097	1	0.003230	0.019035
0.872109	1	0.003159	0.004031
0.490903	1	0.003378	0.003868
0.506183	1	0.002712	0.003218
0.519307	1	0.002831	0.003351
0.520087	1	0.006833	0.007353
0.534829	1	0.003417	0.003952
0.504965	1	0.004374	0.004879
0.506433	1	0.005277	0.005783
1.132443	1	0.002981	0.004114
0.455930	1	0.004374	0.004830
0.474917	1	0.003311	0.003786
0.500847	1	0.003601	0.004101
0.511619	1	0.003548	0.004059
0.499664	1	0.003780	0.004280
0.473445	1	0.004184	0.004657
0.478585	1	0.003328	0.003806
0.472733	1	0.003061	0.003534
0.479419	1	0.003372	0.003852
1.075226	1	0.004073	0.005148
0.456779	1	0.003633	0.004090
0.462704	1	0.004080	0.004543
0.498156	1	0.003511	0.004010
0.480629	1	0.003937	0.004417
0.484784	1	0.003661	0.004145
0.476923	1	0.004080	0.004557
0.468746	1	0.005262	0.005731
0.473342	1	0.003417	0.003890
0.474045	1	0.004598	0.005072
1.127387	1	0.003781	0.004909
0.447632	1	0.002972	0.003420
0.462187	1	0.005170	0.005632
0.479772	1	0.003280	0.003760
0.483949	1	0.004080	0.004564
0.514574	1	0.003378	0.003892
0.487642	1	0.004445	0.004932
0.471801	1	0.004378	0.004850
0.468777	1	0.004179	0.004648
0.479267	1	0.003758	0.004237
1.066487	1	0.003012	0.004079
0.446817	1	0.004096	0.004543
0.451013	1	0.003799	0.004250
0.477075	1	0.004129	0.004606
0.485164	1	0.057348	0.057834
0.512722	1	0.005298	0.005811
0.462927	1	0.004946	0.005409
0.465761	1	0.003865	0.004330
0.468870	1	0.003227	0.003696
0.466932	1	0.003791	0.004258
1.133759	1	0.004326	0.005460
0.463183	1	0.007407	0.007870
0.471248	1	0.003012	0.003484
0.540290	1	0.003201	0.003742
0.501576	1	0.003227	0.003729
0.485566	1	0.003410	0.003896
0.482244	1	0.005170	0.005652
0.479599	1	0.016468	0.016948
0.475219	1	0.002931	0.003406
0.477712	1	0.006833	0.007311
1.137401	1	0.004184	0.005321
0.455783	1	0.004842	0.005298
0.466185	1	0.003937	0.004403
0.527267	1	0.002662	0.003189
0.494652	1	0.003237	0.003731
0.482770	1	0.003930	0.004412
0.469987	1	0.004184	0.004654
0.472307	1	0.003354	0.003826
0.466557	1	0.003411	0.003877
0.463810	1	0.003730	0.004194
1.069946	1	0.003201	0.004271
0.462257	1	0.002972	0.003435
0.457547	1	0.002972	0.003430
0.486431	1	0.004453	0.004940
21.373220	1	0.003791	0.025164
0.661405	1	0.003803	0.004465
0.465365	1	0.002744	0.003210
0.482877	1	0.003943	0.004426
0.484135	1	0.006700	0.007184
0.494830	1	0.003601	0.004095
