1.242880	1	0.022622	0.023865
0.585170	1	0.004598	0.005184
0.454426	1	0.003342	0.003796
0.461903	1	0.003041	0.003503
0.455802	1	0.002931	0.003387
0.481087	1	0.002961	0.003442
0.373171	1	0.022622	0.022995
0.242934	1	0.003328	0.003570
0.247429	1	0.004082	0.004329
0.244417	1	0.002757	0.003001
0.709563	1	0.005662	0.006371
0.240887	1	0.002931	0.003172
0.227557	1	0.057348	0.057576
0.227793	1	0.005342	0.005570
0.235260	1	0.004477	0.004712
0.233925	1	0.002855	0.003089
0.232576	1	0.003423	0.003656
0.233949	1	0.005271	0.005505
0.235243	1	0.002642	0.002877
0.231855	1	0.003633	0.003865
0.645602	1	0.003417	0.004063
0.227135	1	0.003354	0.003581
0.229073	1	0.004363	0.004592
0.226839	1	0.006275	0.006502
0.227898	1	0.003016	0.003244
0.230477	1	0.003511	0.003742
0.231765	1	0.004096	0.004328
0.234036	1	0.003937	0.004171
0.234881	1	0.005298	0.005533
0.235026	1	0.003417	0.003652
0.837958	1	0.006063	0.006901
0.232440	1	0.003063	0.003296
0.235245	1	0.004179	0.004414
0.233325	1	0.003696	0.003929
0.239832	1	0.016468	0.016708
0.249257	1	0.003865	0.004114
0.247076	1	0.003490	0.003737
0.245762	1	0.003274	0.003520
0.239520	1	0.006700	0.006940
0.241663	1	0.004265	0.004506
0.714806	1	0.003939	0.004654
0.228860	1	0.003425	0.003653
0.227762	1	0.002831	0.003059
0.229770	1	0.003730	0.003960
0.231592	1	0.002750	0.002981
0.232645	1	0.004073	0.004305
0.237738	1	0.002972	0.003210
0.235768	1	0.005891	0.006127
0.236077	1	0.004445	0.004681
0.256505	1	0.002892	0.003149
0.679711	1	0.003633	0.004313
0.222885	1	0.004588	0.004811
0.225194	1	0.003930	0.004155
0.224327	1	0.003363	0.003587
0.223976	1	0.003758	0.003982
0.224979	1	0.003255	0.003480
0.229644	1	0.002983	0.003213
0.238736	1	0.003372	0.003611
0.229736	1	0.004179	0.004409
0.228359	1	0.002642	0.002871
0.679991	1	0.003132	0.003812
0.225259	1	0.003309	0.003535
0.225087	1	0.003712	0.003937
0.226410	1	0.003528	0.003754
0.234467	1	0.003511	0.003746
0.229444	1	0.002931	0.003161
0.232701	1	0.003230	0.003463
0.231505	1	0.002952	0.003184
0.315310	1	0.004265	0.004580
0.230756	1	0.002691	0.002921
0.606173	1	0.002983	0.003589
0.221643	1	0.003799	0.004021
0.222400	1	0.003511	0.003734
0.221614	1	0.003309	0.003531
0.223271	1	0.003784	0.004007
0.237452	1	0.004363	0.004601
0.228797	1	0.002712	0.002940
0.227596	1	0.004445	0.004672
0.227662	1	0.006700	0.006928
0.228899	1	0.004363	0.004592
0.691622	1	0.004293	0.004985
0.230049	1	0.003338	0.003568
0.230277	1	0.003601	0.003831
0.229352	1	0.046311	0.046540
0.229197	1	0.003423	0.003653
0.229634	1	0.003601	0.003830
0.236750	1	0.003276	0.003513
0.234127	1	0.004842	0.005076
0.240331	1	0.003063	0.003304
0.239317	1	0.002892	0.003132
0.690195	1	0.003342	0.004032
0.227320	1	0.006833	0.007060
0.227294	1	0.002831	0.003059
0.225845	1	0.005513	0.005739
0.228567	1	0.003410	0.003639
0.231671	1	0.002931	0.003163
0.228255	1	0.004265	0.004493
0.262085	1	0.003781	0.004043
0.233628	1	0.003159	0.003393
0.235680	1	0.002758	0.002994
