79.435597	32000	193.346525	193.425961
0.063506	3	0.010509	0.010572
0.023723	3	0.010250	0.010274
0.018636	1	0.004073	0.004091
0.019117	3	0.012676	0.012695
0.019194	2	0.020289	0.020308
37.450473	15942	94.160099	94.197550
38.584767	16059	96.488510	96.527095
0.063622	3	0.013666	0.013729
38.210817	15942	95.454835	95.493046
37.536588	15866	97.135633	97.173170
128.846599	32000	194.055561	194.184408
0.079005	1	0.003372	0.003451
0.031930	2	0.006178	0.006210
0.027995	2	0.009545	0.009573
0.027885	1	0.002981	0.003009
0.030874	2	0.033243	0.033274
0.026505	1	0.004378	0.004405
0.025595	1	0.006063	0.006088
0.026080	1	0.004214	0.004240
0.015369	1	0.002807	0.002822
38.506432	16050	97.040254	97.078760
0.062012	3	0.013923	0.013985
0.018264	2	0.006400	0.006419
0.017705	3	0.011355	0.011373
0.016329	2	0.006198	0.006214
0.017770	2	0.010608	0.010626
0.015814	1	0.002723	0.002738
0.013059	1	0.003338	0.003351
38.130662	16050	97.184600	97.222731
0.022150	3	0.011238	0.011260
83.799740	32000	188.647068	188.730868
0.054403	1	0.006575	0.006629
0.022548	2	0.007201	0.007224
0.014772	1	0.057348	0.057363
0.018033	2	0.006359	0.006377
42.502535	16007	94.789324	94.831827
0.057167	2	0.011510	0.011567
36.176848	15994	96.218783	96.254960
222.696742	32000	193.332693	193.555390
0.022226	2	0.006561	0.006584
0.017466	1	0.003803	0.003821
0.013295	1	0.002758	0.002772
0.012947	1	0.004293	0.004306
0.014545	2	0.031396	0.031411
0.011097	2	0.007078	0.007089
0.016193	3	0.010884	0.010900
0.012959	1	0.003528	0.003541
0.017028	2	0.051683	0.051700
0.015894	2	0.008200	0.008216
0.018930	2	0.007756	0.007775
0.011615	2	0.006893	0.006904
0.014419	2	0.007065	0.007079
0.016390	2	0.005654	0.005670
0.017329	2	0.005643	0.005660
0.014859	2	0.007769	0.007784
38.412739	16007	96.003400	96.041812
0.063721	2	0.007536	0.007600
83.834293	32000	193.608039	193.691873
46.525745	15994	96.999603	97.046129
0.019587	2	0.006231	0.006251
0.013785	1	0.003309	0.003323
0.017106	2	0.007287	0.007304
0.014720	1	0.003372	0.003387
0.015511	2	0.006467	0.006482
0.015670	2	0.011966	0.011981
0.013156	1	0.013419	0.013433
0.011843	1	0.003041	0.003053
0.015634	2	0.007105	0.007120
38.980359	15939	95.689490	95.728471
0.017591	1	0.003218	0.003235
0.016433	2	0.009343	0.009360
18.719369	8149	48.479309	48.498028
0.055934	1	0.003696	0.003752
0.018731	2	0.009525	0.009544
0.015037	1	0.004129	0.004144
123.683912	32000	191.838029	191.961713
77.116849	32000	191.981872	192.058989
0.056502	1	0.002990	0.003046
0.023852	3	0.010802	0.010826
39.530863	16001	96.734868	96.774399
0.060965	2	0.065531	0.065592
0.018074	2	0.008385	0.008403
0.017317	2	0.007349	0.007366
0.017546	2	0.006619	0.006636
0.015892	2	0.008396	0.008412
0.014722	1	0.057348	0.057363
38.433795	16000	95.667035	95.705468
0.055648	1	0.006798	0.006854
0.021520	2	0.010528	0.010550
0.031276	4	0.024355	0.024387
0.019725	3	0.009973	0.009993
0.018048	2	0.026169	0.026187
0.016355	3	0.010215	0.010232
0.020374	4	0.020314	0.020334
0.021233	4	0.014857	0.014878
0.017922	2	0.006763	0.006781
0.019022	2	0.006499	0.006518
0.017295	3	0.011076	0.011093
0.014963	1	0.003730	0.003745
