340.277941	5001	29.930908	30.271186
346.440331	2001	11.376993	11.723433
354.810914	2003	12.186075	12.540885
332.339695	2005	11.797920	12.130259
337.004648	2007	12.305330	12.642335
325.494393	2009	11.416518	11.742012
356.390610	2011	11.955612	12.312003
340.875296	2013	12.007729	12.348604
355.159656	2015	11.241569	11.596729
363.912078	2017	12.619285	12.983197
352.783458	5001	29.558441	29.911225
344.046683	2001	12.551609	12.895655
350.275711	2003	12.989667	13.339943
332.177409	2005	11.895903	12.228081
345.014271	2007	12.147177	12.492191
338.649479	2009	11.870949	12.209598
334.860808	2011	12.469306	12.804167
342.150997	2013	12.115052	12.457203
337.306091	2015	12.312009	12.649315
344.536954	2017	12.055728	12.400265
363.452529	5001	31.151683	31.515135
318.638212	2001	13.311696	13.630335
323.595576	2003	11.918175	12.241770
342.610343	2005	11.781327	12.123938
339.602321	2007	12.734738	13.074340
325.880347	2009	12.527703	12.853583
332.542179	2011	12.696822	13.029364
330.042519	2013	11.471154	11.801196
334.527364	2015	12.258914	12.593441
322.088136	2017	12.560187	12.882275
341.572401	5001	30.167820	30.509392
291.124470	2001	11.820497	12.111621
340.540730	2003	11.823459	12.164000
328.710292	2005	12.871072	13.199782
329.293016	2007	11.768175	12.097468
330.378633	2009	12.099834	12.430213
334.544982	2011	12.333566	12.668111
331.087298	2013	11.840432	12.171519
306.627336	2015	12.158162	12.464790
344.449475	2017	12.093879	12.438329
319.741893	5001	30.753273	31.073015
326.527718	2001	12.972625	13.299153
327.433350	2003	11.762256	12.089689
336.821876	2005	13.199413	13.536234
345.692757	2007	12.551321	12.897014
317.865074	2009	12.095924	12.413790
336.230727	2011	12.245361	12.581592
321.861701	2013	12.404787	12.726649
341.322688	2015	11.974441	12.315764
340.181806	2017	12.052194	12.392375
369.190169	5001	30.244772	30.613962
351.911546	2001	11.942425	12.294337
349.499816	2003	12.255068	12.604568
350.783648	2005	11.538867	11.889651
361.429660	2007	11.503435	11.864865
341.376594	2009	12.378751	12.720127
361.811539	2011	11.751482	12.113293
374.418084	2013	11.870097	12.244515
354.673819	2015	12.359136	12.713810
356.287130	2017	11.809436	12.165723
346.769053	5001	30.138751	30.485520
336.515367	2001	11.809763	12.146278
340.269383	2003	12.108662	12.448932
357.231322	2005	11.809021	12.166253
333.491706	2007	11.914007	12.247499
357.473515	2009	11.570829	11.928303
350.974084	2011	12.067242	12.418216
341.137246	2013	12.121483	12.462621
345.018983	2015	11.435341	11.780360
339.604330	2017	11.708770	12.048374
367.798903	5001	29.800374	30.168173
354.567169	2001	11.576721	11.931288
354.315694	2003	11.479977	11.834292
337.892244	2005	12.677539	13.015432
342.227888	2007	11.755106	12.097334
362.755456	2009	12.124847	12.487602
328.266127	2011	11.299473	11.627739
344.340770	2013	11.394600	11.738941
375.293305	2015	12.362074	12.737367
334.240247	2017	12.361134	12.695374
362.547850	5001	30.073729	30.436277
344.232225	2001	12.615191	12.959423
333.697086	2003	11.714649	12.048346
341.449088	2005	11.844017	12.185466
341.522323	2007	11.102336	11.443858
357.866521	2009	11.450340	11.808207
338.798423	2011	11.934179	12.272978
348.512850	2013	12.748373	13.096886
334.304663	2015	12.035834	12.370139
323.850051	2017	11.879465	12.203315
348.552949	5001	29.769550	30.118103
335.150367	2001	12.830450	13.165600
357.336262	2003	12.921063	13.278399
343.465271	2005	11.684409	12.027874
355.474327	2007	12.547709	12.903183
349.183094	2009	11.835822	12.185005
345.611547	2011	11.774115	12.119726
333.115168	2013	11.914396	12.247511
331.057864	2015	11.491745	11.822803
348.272392	2017	11.466781	11.815053
