893.415165	201402	1212.192582	1213.085997
611.715873	201402	1211.791121	1212.402837
369.675941	201402	1211.572822	1211.942498
410.368213	201402	1208.046022	1208.456390
435.561108	201402	1214.097831	1214.533392
364.385408	201402	1218.006445	1218.370830
426.586340	201402	1212.470090	1212.896677
384.468935	201402	1213.098923	1213.483392
374.086712	201402	1212.341561	1212.715648
395.172976	201402	1212.933882	1213.329055
401.384812	201402	1211.092475	1211.493860
373.874902	201402	1207.279303	1207.653178
382.690385	201402	1213.718678	1214.101369
382.129043	201402	1211.594232	1211.976361
369.234308	201402	1214.151933	1214.521167
392.559514	201402	1207.504646	1207.897205
359.505651	201402	1209.931525	1210.291030
374.259936	201402	1214.561612	1214.935872
419.961633	201402	1212.081560	1212.501522
484.401832	201402	1207.608791	1208.093193
382.603898	201402	1218.720628	1219.103231
407.050030	201402	1216.288184	1216.695234
368.935788	201402	1213.826470	1214.195405
368.307546	201402	1206.203877	1206.572185
390.723968	201402	1218.537746	1218.928470
361.642842	201402	1214.075865	1214.437508
365.768481	201402	1212.412508	1212.778277
429.425733	201402	1219.459673	1219.889099
431.469096	201402	1212.896974	1213.328444
361.307027	201402	1205.424335	1205.785642
376.600737	201402	1219.214661	1219.591262
375.478008	201402	1212.320969	1212.696447
422.657426	201402	1218.589831	1219.012489
425.585256	201402	1213.191519	1213.617105
368.054495	201402	1216.151107	1216.519162
399.744481	201402	1213.678915	1214.078659
365.517709	201402	1209.079745	1209.445263
416.510931	201402	1212.399283	1212.815794
406.324535	201402	1208.397135	1208.803459
406.180033	201402	1211.032692	1211.438872
422.583275	201402	1208.649236	1209.071819
415.373208	201402	1218.470177	1218.885550
370.326323	201402	1207.538026	1207.908353
358.030747	201402	1205.232187	1205.590218
437.507322	201402	1206.451824	1206.889332
394.815686	201402	1211.245559	1211.640375
370.855713	201402	1213.870373	1214.241229
384.636703	201402	1212.132677	1212.517314
377.655479	201402	1205.798322	1206.175978
426.471489	201402	1216.355019	1216.781491
414.511718	201402	1208.435931	1208.850442
381.535451	201402	1206.508036	1206.889571
405.751585	201402	1210.490979	1210.896730
363.124042	201402	1210.846702	1211.209826
377.982515	201402	1214.854817	1215.232800
369.735872	201402	1213.706450	1214.076186
347.130931	201402	1213.205176	1213.552307
372.957214	201402	1213.965756	1214.338713
391.924946	201402	1212.735437	1213.127362
346.434992	201402	1206.365266	1206.711701
361.305800	201402	1210.129684	1210.490990
375.019363	201402	1211.945251	1212.320270
354.794826	201402	1209.663710	1210.018504
343.550115	201402	1206.502598	1206.846148
358.044676	201402	1213.354683	1213.712728
360.139154	201402	1211.479622	1211.839761
389.900382	201402	1214.564984	1214.954884
364.315821	201402	1211.032058	1211.396374
360.573435	201402	1215.312065	1215.672638
366.275197	201402	1206.967684	1207.333959
345.028627	201402	1217.672076	1218.017104
366.781554	201402	1211.124960	1211.491742
375.818651	201402	1208.028418	1208.404237
353.322983	201402	1214.822689	1215.176012
352.069384	201402	1217.662287	1218.014357
370.636127	201402	1212.133621	1212.504257
351.818213	201402	1218.630043	1218.981862
348.185603	201402	1212.604859	1212.953044
409.483529	201402	1209.930230	1210.339713
363.288939	201402	1207.366756	1207.730045
337.767961	201402	1215.068616	1215.406384
351.292211	201402	1211.530802	1211.882095
346.810925	201402	1219.845113	1220.191924
378.791737	201402	1210.955472	1211.334264
346.372646	201402	1210.384785	1210.731158
362.112058	201402	1210.998890	1211.361002
370.819486	201402	1211.315193	1211.686013
359.355027	201402	1208.322715	1208.682070
422.391864	201402	1215.029944	1215.452336
406.471383	201402	1216.029833	1216.436304
365.561670	201402	1214.222429	1214.587991
416.304869	201402	1218.801370	1219.217675
406.582686	201402	1215.017421	1215.424003
358.501243	201402	1209.247346	1209.605848
366.952155	201402	1219.077905	1219.444857
417.807774	201402	1218.380153	1218.797961
399.187419	201402	1207.377854	1207.777042
337.742861	201402	1215.429068	1215.766810
348.698345	201402	1215.668525	1216.017223
342.062079	201402	1215.356384	1215.698447
