31.615130	8000	48.661609	48.693225
2.049341	2	0.008964	0.011013
1.352081	1	0.002691	0.004043
1.416537	1	0.003989	0.005406
1.401654	2	0.008344	0.009746
1.350388	2	0.007994	0.009344
5.283556	4017	25.248161	25.253445
5.419802	3984	23.038763	23.044183
1.635476	1	0.003218	0.004853
9.974351	4017	24.377427	24.387402
7.322492	3948	23.870746	23.878069
9.722790	8000	47.441978	47.451701
2.647576	1	0.003723	0.006371
1.759685	1	0.004477	0.006236
1.782721	2	0.010107	0.011890
1.646309	1	0.004445	0.006091
1.714319	1	0.003218	0.004932
1.697497	1	0.005662	0.007359
1.732892	1	0.003610	0.005343
1.682133	1	0.046311	0.047993
3.326302	1	0.005342	0.008668
5.877244	4007	25.431626	25.437504
2.160942	3	0.011109	0.013270
1.615651	1	0.004946	0.006562
1.630359	2	0.010224	0.011854
1.601249	2	0.008227	0.009828
1.632708	1	0.002757	0.004390
1.570974	1	0.003696	0.005267
1.550071	1	0.003013	0.004563
6.489359	4007	23.737765	23.744255
3.393808	2	0.009590	0.012984
9.305014	8000	46.722624	46.731929
2.455766	1	0.005117	0.007573
1.670909	1	0.004378	0.006049
1.725755	1	0.003633	0.005359
1.695079	2	0.005860	0.007555
5.723441	4031	23.385859	23.391583
2.007888	2	0.006857	0.008865
5.755546	3970	23.640699	23.646455
9.197473	8000	48.462082	48.471279
3.512982	2	0.008766	0.012279
1.705724	1	0.002949	0.004654
14.322863	1	0.003937	0.018259
3.485561	1	0.002747	0.006232
2.185653	2	0.006740	0.008925
2.276821	2	0.007045	0.009322
2.239348	3	0.010354	0.012593
2.181379	1	0.003063	0.005245
2.110438	1	0.003865	0.005975
1.605887	2	0.007738	0.009344
3.451137	1	0.003661	0.007112
1.629494	1	0.004265	0.005894
1.780272	1	0.003829	0.005609
1.744480	1	0.002892	0.004637
1.779492	1	0.003989	0.005769
1.724802	1	0.057348	0.059073
31.971687	3991	24.760993	24.792964
2.882453	1	0.003410	0.006292
8.344446	8000	49.551736	49.560080
5.597566	4010	22.231419	22.237017
3.418189	1	0.008775	0.012193
1.628826	1	0.003930	0.005558
1.811051	1	0.005378	0.007189
1.733913	1	0.003736	0.005470
1.644204	1	0.009338	0.010982
1.661713	1	0.003423	0.005085
1.625162	1	0.004374	0.005999
1.656532	1	0.003227	0.004884
1.636665	1	0.003245	0.004882
26.122744	4000	24.392628	24.418750
3.432087	1	0.005277	0.008709
1.624510	1	0.002807	0.004431
4.145529	2038	12.362322	12.366468
1.965803	1	0.005117	0.007083
1.646969	1	0.005513	0.007160
1.682879	1	0.003871	0.005554
9.539764	8000	47.865061	47.874600
9.761768	8000	47.843157	47.852919
2.541895	1	0.003342	0.005884
1.699128	1	0.002944	0.004643
7.437164	4014	22.794173	22.801611
2.221095	1	0.004080	0.006301
1.724418	1	0.003431	0.005155
1.731235	1	0.003041	0.004772
1.704491	1	0.003012	0.004717
1.672969	1	0.007055	0.008728
1.647704	1	0.005277	0.006924
5.989656	3987	24.724748	24.730738
2.033016	1	0.003311	0.005344
1.601837	1	0.004214	0.005815
3.850082	2	0.007077	0.010927
1.661250	2	0.085968	0.087629
1.671314	2	0.007332	0.009004
1.715573	2	0.006827	0.008542
1.650391	2	0.011060	0.012710
1.631148	3	0.010477	0.012108
1.590491	1	0.003316	0.004907
1.531240	1	0.008182	0.009714
1.566914	2	0.005989	0.007556
1.554626	1	0.003818	0.005372
