0.002996	1	0.004214	0.004217
0.001648	1	0.003723	0.003725
0.001587	1	0.003937	0.003938
0.002757	1	0.003829	0.003831
0.001553	1	0.005170	0.005171
0.001651	1	0.002929	0.002931
0.001568	1	0.003354	0.003355
0.001808	1	0.005682	0.005684
0.001752	1	0.003274	0.003276
0.001755	1	0.004350	0.004352
0.002990	1	0.007407	0.007410
0.001529	1	0.002713	0.002714
0.001590	1	0.004453	0.004455
0.001384	1	0.005832	0.005834
0.001380	1	0.003254	0.003256
0.001702	1	0.002739	0.002741
0.006788	1	0.003781	0.003788
0.001532	1	0.003425	0.003426
0.001528	1	0.003328	0.003329
0.001566	1	0.006700	0.006702
0.002709	1	0.005277	0.005279
0.006232	1	0.003255	0.003261
0.001611	1	0.003820	0.003821
0.005672	1	0.003162	0.003168
0.001538	1	0.004129	0.004131
0.001531	1	0.005262	0.005264
0.001410	1	0.003939	0.003941
0.001519	1	0.002855	0.002856
0.001465	1	0.017445	0.017447
0.001408	1	0.003230	0.003231
0.003745	1	0.003750	0.003754
0.001668	1	0.028880	0.028881
0.001717	1	0.003474	0.003476
0.001358	1	0.005891	0.005893
0.006430	1	0.004588	0.004594
0.001432	1	0.005277	0.005278
0.001621	1	0.003061	0.003063
0.001320	1	0.003735	0.003736
0.001326	1	0.004096	0.004097
0.001454	1	0.002642	0.002643
0.004964	1	0.002713	0.002718
0.002144	1	0.002983	0.002985
0.001968	1	0.003203	0.003205
0.001724	1	0.003758	0.003760
0.001782	1	0.003750	0.003752
0.001865	1	0.003656	0.003657
0.001656	1	0.003943	0.003945
0.001902	1	0.006700	0.006702
0.001753	1	0.002931	0.002933
0.001799	1	0.004594	0.004596
0.003633	1	0.002723	0.002726
0.001433	1	0.057348	0.057350
0.001588	1	0.003736	0.003738
0.001507	1	0.082097	0.082098
0.001411	1	0.008625	0.008627
0.001730	1	0.004073	0.004074
0.001479	1	0.004214	0.004215
0.001396	1	0.004214	0.004215
0.001384	1	0.003601	0.003602
0.001807	1	0.003633	0.003635
0.002666	1	0.002713	0.002715
0.001636	1	0.003316	0.003318
0.001723	1	0.004946	0.004948
0.001562	1	0.004363	0.004365
0.001617	1	0.004106	0.004107
0.001777	1	0.004629	0.004631
0.001571	1	0.006798	0.006799
0.001470	1	0.009338	0.009339
0.001603	1	0.002983	0.002985
0.001528	1	0.004082	0.004083
0.009969	1	0.005271	0.005281
0.001957	1	0.005513	0.005515
0.001814	1	0.003431	0.003432
0.001647	1	0.057348	0.057350
0.001586	1	0.082097	0.082099
0.001734	1	0.002972	0.002974
0.001952	1	0.002750	0.002751
0.001596	1	0.004946	0.004948
0.001536	1	0.007055	0.007057
0.001710	1	0.004265	0.004266
0.003047	1	0.003328	0.003331
0.001432	1	0.002831	0.002833
0.001717	1	0.004588	0.004590
0.001463	1	0.003013	0.003014
0.001445	1	0.003818	0.003819
0.001434	1	0.002981	0.002983
0.001413	1	0.004179	0.004180
0.001384	1	0.003989	0.003991
0.001502	1	0.002747	0.002748
0.001420	1	0.003939	0.003941
0.002937	1	0.003255	0.003258
0.001767	1	0.057348	0.057350
0.001511	1	0.003474	0.003475
0.001532	1	0.003411	0.003412
0.001386	1	0.003218	0.003219
0.001460	1	0.003445	0.003446
0.001450	1	0.002691	0.002692
0.001412	1	0.004445	0.004446
0.001454	1	0.004594	0.004595
0.001544	1	0.002952	0.002954
