6.995987	2002	11.693124	11.700120
7.577841	2002	12.328596	12.336174
6.959713	2002	11.842544	11.849504
7.335790	2002	11.430616	11.437952
6.974454	2002	13.508784	13.515758
8.510052	2002	12.193103	12.201613
6.601838	2002	12.290908	12.297510
7.714816	2002	11.693513	11.701228
6.956114	2002	11.654012	11.660968
8.218896	2002	12.346893	12.355112
7.257146	2002	12.880527	12.887784
7.845242	2002	11.743250	11.751095
7.278280	2002	10.640838	10.648117
7.738472	2002	12.405779	12.413517
7.385555	2002	11.934464	11.941849
8.277005	2002	12.508966	12.517243
8.246293	2002	12.760099	12.768345
8.346054	2002	11.619216	11.627562
7.878198	2002	12.084995	12.092873
8.424394	2002	11.774903	11.783327
8.093559	2002	12.148821	12.156914
8.266811	2002	12.145919	12.154185
7.377282	2002	12.013269	12.020647
8.280524	2002	12.112804	12.121084
7.872181	2002	11.617225	11.625097
8.213120	2002	11.930311	11.938524
7.677972	2002	11.687146	11.694824
72.353748	2002	12.156007	12.228361
8.013268	2002	12.573036	12.581049
7.698244	2002	12.818297	12.825995
8.781082	2002	12.407514	12.416295
7.494556	2002	11.863746	11.871241
8.338682	2002	12.856554	12.864893
7.653895	2002	12.986985	12.994639
8.078907	2002	12.401961	12.410040
7.211965	2002	11.609826	11.617038
48.621492	2002	11.688072	11.736694
7.380851	2002	12.390465	12.397846
7.548877	2002	12.468061	12.475610
7.967744	2002	11.831777	11.839745
8.259997	2002	11.359700	11.367960
7.987274	2002	11.902063	11.910051
8.153332	2002	11.755105	11.763259
7.814694	2002	11.975129	11.982943
7.289670	2002	11.954940	11.962230
8.193688	2002	11.899032	11.907226
8.044255	2002	13.227105	13.235149
8.094236	2002	12.682823	12.690917
7.915400	2002	12.934619	12.942534
7.591682	2002	12.221342	12.228934
8.333778	2002	12.403585	12.411919
7.927662	2002	11.797234	11.805162
8.008273	2002	12.136623	12.144631
27.903412	2002	11.781498	11.809401
7.596094	2002	12.240584	12.248180
7.466785	2002	11.264561	11.272028
11.511020	2002	12.212014	12.223525
7.236353	2002	11.985023	11.992260
7.954176	2002	11.030926	11.038881
7.729754	2002	12.826711	12.834441
7.447053	2002	12.935554	12.943001
7.094674	2002	11.606838	11.613933
7.392856	2002	11.649921	11.657314
7.465987	2002	12.825648	12.833114
7.598808	2002	11.981771	11.989370
57.000929	2002	11.629238	11.686239
7.458861	2002	12.405377	12.412836
8.401593	2002	11.817925	11.826327
7.526325	2002	11.453755	11.461282
8.164483	2002	12.081349	12.089513
7.643754	2002	11.753462	11.761106
7.645005	2002	11.832296	11.839941
7.474211	2002	11.706288	11.713762
7.622952	2002	12.578311	12.585934
54.891017	2002	12.231067	12.285958
8.184077	2002	12.318329	12.326514
7.353833	2002	11.905009	11.912363
7.882409	2002	11.763392	11.771275
8.810344	2002	11.477501	11.486311
8.129971	2002	11.978582	11.986712
7.288780	2002	11.615469	11.622758
8.033352	2002	11.968787	11.976820
7.163152	2002	12.077375	12.084538
8.153137	2002	12.261011	12.269164
7.364610	2002	12.543965	12.551330
8.532695	2002	11.959985	11.968518
7.599439	2002	12.553307	12.560906
8.658563	2002	12.084160	12.092818
7.630849	2002	12.556921	12.564552
8.214127	2002	12.075083	12.083297
7.444207	2002	11.607850	11.615295
7.666919	2002	11.700080	11.707746
7.401218	2002	12.038662	12.046063
7.894542	2002	11.982096	11.989990
8.445150	2002	11.735209	11.743654
9.778210	2002	12.693962	12.703741
7.364261	2002	11.719098	11.726463
8.169519	2002	12.050329	12.058499
7.412683	2002	11.606170	11.613583
7.868029	2002	11.828098	11.835966
