1437.681292	17001	99.389918	100.827599
1513.414339	2001	11.991909	13.505323
1475.622458	2003	12.327219	13.802841
1485.496269	2005	12.244671	13.730168
1486.501423	2007	12.539575	14.026077
1480.153724	2009	12.488873	13.969027
1495.868473	2011	13.173802	14.669671
1457.425069	2013	12.104814	13.562239
1480.490712	2015	11.673520	13.154010
1522.492040	2017	12.782967	14.305459
1378.273344	17001	100.499278	101.877551
1459.707475	2001	12.193016	13.652724
1411.618875	2003	13.414396	14.826015
1478.389103	2005	11.937845	13.416234
1445.195121	2007	12.059333	13.504528
1411.687687	2009	12.204847	13.616534
1450.212034	2011	12.207624	13.657836
1468.815512	2013	12.819074	14.287889
1448.546230	2015	12.435089	13.883635
1426.398759	2017	11.676182	13.102581
1376.931061	17001	100.489017	101.865948
1457.425861	2001	12.075615	13.533041
1418.478364	2003	11.866297	13.284775
1449.847017	2005	11.798909	13.248756
1436.209828	2007	12.245988	13.682198
1424.576760	2009	12.074781	13.499358
1399.395392	2011	11.568389	12.967785
1445.068715	2013	12.275770	13.720839
1414.958438	2015	12.316751	13.731709
1433.621643	2017	12.057145	13.490767
1497.560583	17001	104.857648	106.355209
1469.479055	2001	12.534111	14.003590
1511.815701	2003	12.619802	14.131617
1532.602521	2005	12.199336	13.731938
1458.443195	2007	11.757213	13.215657
1499.370554	2009	12.009488	13.508859
1496.488572	2011	11.524666	13.021154
1458.273676	2013	12.283284	13.741558
1488.160896	2015	12.387604	13.875765
1521.302063	2017	12.977710	14.499012
1561.150585	17001	100.473005	102.034156
1562.982837	2001	11.838204	13.401187
1691.456880	2003	11.521710	13.213167
1598.088758	2005	12.440109	14.038198
1585.707884	2007	11.694230	13.279938
1605.668595	2009	11.529537	13.135206
1573.182648	2011	12.074763	13.647946
1583.598640	2013	12.170904	13.754503
1577.295557	2015	12.056891	13.634187
1594.610491	2017	12.503916	14.098526
1610.333906	17001	102.075491	103.685824
1600.459703	2001	12.033693	13.634153
1695.470806	2003	12.195035	13.890506
1598.399670	2005	11.560381	13.158780
1610.846085	2007	12.562262	14.173108
1645.469374	2009	12.582237	14.227706
1638.901029	2011	12.322337	13.961238
1601.430540	2013	11.840705	13.442135
1592.199381	2015	12.354451	13.946651
1657.896674	2017	11.815770	13.473667
1434.533700	17001	101.587125	103.021659
1456.122847	2001	10.985344	12.441467
1710.050554	2003	11.996539	13.706590
1610.162211	2005	12.430153	14.040315
1609.917024	2007	12.524095	14.134012
1626.325844	2009	12.091418	13.717744
1592.199428	2011	13.194088	14.786287
1555.689459	2013	13.188498	14.744188
1578.996562	2015	11.662610	13.241606
1562.309333	2017	11.551471	13.113780
1517.352284	17001	103.821334	105.338686
1525.879432	2001	11.879264	13.405143
1531.862744	2003	11.611694	13.143557
1523.554500	2005	12.506934	14.030488
1584.160721	2007	12.238856	13.823017
1426.090417	2009	12.176815	13.602905
1388.062872	2011	12.048960	13.437023
1397.361370	2013	12.643495	14.040857
1424.035739	2015	11.067654	12.491689
1417.253606	2017	12.441161	13.858415
1587.680635	17001	101.859737	103.447418
1521.090972	2001	12.433114	13.954205
1520.102672	2003	11.683820	13.203923
1460.640592	2005	11.754152	13.214793
1518.259084	2007	11.681046	13.199305
1484.464748	2009	12.825094	14.309559
1558.833633	2011	12.797868	14.356702
1483.356851	2013	12.211370	13.694727
1498.494456	2015	12.317776	13.816270
1467.643273	2017	12.740175	14.207818
1488.905193	17001	102.373086	103.861992
1492.954191	2001	12.333896	13.826850
1490.293339	2003	12.062327	13.552621
1471.347818	2005	12.150580	13.621927
1437.073350	2007	11.707536	13.144610
1490.040476	2009	11.852866	13.342906
1486.025676	2011	11.918937	13.404963
1482.050213	2013	11.827962	13.310013
1561.468409	2015	12.759678	14.321147
1537.702301	2017	12.667369	14.205071
