15.090163	4002	22.585391	22.600482
14.520371	4002	24.539095	24.553616
13.741563	4002	22.585786	22.599528
15.500189	4002	24.228782	24.244282
12.478160	4002	23.840632	23.853110
15.809372	4002	24.547644	24.563454
13.613633	4002	22.765517	22.779131
17.174686	4002	23.201902	23.219077
13.912920	4002	23.885470	23.899383
15.960592	4002	24.552607	24.568568
63.153849	4002	24.729444	24.792598
17.893276	4002	23.942043	23.959936
13.381436	4002	23.632600	23.645982
14.296071	4002	24.556324	24.570620
13.278057	4002	24.861569	24.874847
16.097313	4002	23.052764	23.068861
13.411848	4002	24.139161	24.152573
15.912634	4002	24.560378	24.576290
13.550395	4002	24.043945	24.057496
14.217647	4002	23.707491	23.721708
13.839957	4002	24.824414	24.838254
15.015497	4002	24.502459	24.517475
16.920542	4002	22.880600	22.897520
100.711147	4002	24.170541	24.271252
13.470903	4002	23.286244	23.299715
14.471169	4002	24.109929	24.124401
12.624480	4002	24.013033	24.025658
14.196092	4002	24.396075	24.410271
15.568099	4002	24.063021	24.078589
15.810759	4002	25.342591	25.358401
14.510119	4002	24.298518	24.313028
15.325195	4002	23.561828	23.577153
15.894908	4002	23.653591	23.669486
16.363966	4002	24.045501	24.061865
15.813034	4002	22.769409	22.785222
15.804859	4002	23.985121	24.000926
79.925285	4002	23.964510	24.044435
16.579249	4002	24.368244	24.384824
13.353199	4002	22.539119	22.552472
14.426231	4002	24.038055	24.052482
12.438375	4002	23.806462	23.818900
15.281366	4002	24.173084	24.188365
13.458356	4002	24.043251	24.056709
15.259277	4002	23.837721	23.852980
13.708202	4002	23.742883	23.756591
14.359132	4002	23.359582	23.373941
13.205992	4002	23.490781	23.503987
15.038162	4002	24.041369	24.056407
15.441063	4002	23.644141	23.659582
65.421610	4002	24.643838	24.709259
13.383114	4002	24.283435	24.296818
13.517330	4002	24.476658	24.490176
12.231039	4002	25.694986	25.707217
12.528621	4002	23.729986	23.742515
13.605370	4002	23.993430	24.007035
14.405752	4002	24.283723	24.298128
13.855061	4002	23.551968	23.565823
14.100727	4002	23.881344	23.895445
13.403784	4002	24.351564	24.364968
16.159434	4002	24.084984	24.101143
13.507451	4002	23.237866	23.251373
16.540305	4002	23.434267	23.450808
82.795329	4002	23.623414	23.706209
16.974345	4002	24.449143	24.466117
13.603391	4002	24.403009	24.416612
14.467468	4002	24.671122	24.685589
12.120630	4002	24.747482	24.759603
15.568260	4002	23.155556	23.171124
15.542487	4002	24.102394	24.117937
16.428025	4002	23.686892	23.703321
13.280776	4002	24.765762	24.779043
15.824699	4002	23.157351	23.173176
13.192570	4002	23.676418	23.689611
16.013522	4002	23.473601	23.489615
13.961664	4002	23.882107	23.896069
78.785156	4002	24.269076	24.347861
13.735965	4002	23.625729	23.639465
15.338095	4002	23.843235	23.858573
13.620437	4002	24.604808	24.618428
13.299184	4002	24.307054	24.320353
15.393414	4002	23.814204	23.829597
15.545023	4002	23.524032	23.539577
13.183047	4002	24.356354	24.369537
16.177840	4002	23.597059	23.613236
13.919535	4002	27.123314	27.137233
16.161779	4002	23.134890	23.151051
13.331139	4002	24.945357	24.958688
16.885701	4002	24.058199	24.075084
67.657135	4002	24.485946	24.553603
16.782599	4002	24.599504	24.616286
13.963024	4002	23.769498	23.783461
14.321709	4002	23.669947	23.684269
11.922899	4002	23.512126	23.524049
14.124688	4002	24.271102	24.285227
13.527039	4002	24.424051	24.437578
16.016988	4002	24.053226	24.069243
12.949243	4002	23.276958	23.289907
15.094460	4002	23.645497	23.660592
13.344922	4002	25.254903	25.268248
16.215121	4002	23.803343	23.819558
