50.961431	16002	97.770892	97.821854
54.777783	16002	96.599748	96.654526
64.503424	16002	96.727440	96.791943
60.742525	16002	95.671678	95.732421
52.161651	16002	98.438323	98.490484
53.710192	16002	96.491455	96.545165
60.523345	16002	92.971059	93.031583
51.550516	16002	97.806763	97.858313
60.736608	16002	93.046810	93.107547
50.546545	16002	94.328444	94.378991
50.851180	16002	96.330430	96.381282
61.594276	16002	96.659901	96.721496
50.245561	16002	96.553891	96.604137
56.930535	16002	95.893533	95.950463
50.586051	16002	93.666071	93.716657
62.737880	16002	95.774293	95.837031
238.597218	16002	97.361997	97.600595
61.475780	16002	96.604180	96.665656
58.696910	16002	97.520038	97.578735
54.637072	16002	96.011229	96.065866
52.036166	16002	96.149934	96.201970
57.766778	16002	96.342085	96.399852
57.198629	16002	96.792004	96.849202
56.456078	16002	95.393939	95.450395
51.988715	16002	96.830478	96.882467
54.025767	16002	98.073409	98.127435
58.166148	16002	95.470741	95.528908
62.846217	16002	97.244133	97.306979
66.970554	16002	95.792283	95.859254
49.681409	16002	94.586720	94.636402
63.609534	16002	96.391490	96.455100
61.530311	16002	96.173511	96.235042
49.948847	16002	95.943960	95.993909
68.859669	16002	96.658153	96.727013
51.757400	16002	99.580561	99.632319
260.193892	16002	98.703374	98.963568
62.751184	16002	95.101281	95.164032
61.070346	16002	95.817443	95.878513
58.174648	16002	96.547210	96.605384
61.706999	16002	96.126484	96.188191
57.322166	16002	93.887080	93.944402
53.670783	16002	95.260010	95.313681
52.891988	16002	96.094036	96.146928
55.651432	16002	98.484438	98.540089
53.689212	16002	95.582249	95.635938
56.253641	16002	96.703216	96.759469
56.904913	16002	97.717668	97.774573
56.488689	16002	97.094196	97.150685
50.856587	16002	97.081332	97.132189
53.637841	16002	96.608619	96.662257
55.081546	16002	95.265651	95.320732
51.869641	16002	95.821122	95.872992
60.297604	16002	97.395698	97.455996
55.060808	16002	95.788954	95.844015
237.919734	16002	95.333687	95.571607
54.043198	16002	96.028494	96.082537
55.876862	16002	94.889267	94.945144
55.971964	16002	96.456603	96.512575
52.484158	16002	93.390232	93.442716
54.749798	16002	95.550016	95.604765
54.841996	16002	96.403319	96.458161
60.682624	16002	97.244009	97.304691
58.691474	16002	100.585795	100.644486
53.585324	16002	96.282429	96.336015
50.815648	16002	95.884700	95.935516
56.123614	16002	98.397295	98.453419
54.283059	16002	94.871965	94.926248
58.482878	16002	96.273644	96.332127
56.020736	16002	97.681918	97.737939
54.029528	16002	96.542237	96.596266
49.213288	16002	95.881238	95.930451
52.690036	16002	95.205626	95.258316
53.030563	16002	95.804416	95.857447
49.938225	16002	96.788141	96.838079
65.465461	16002	96.152816	96.218282
52.035445	16002	95.787290	95.839325
248.886457	16002	99.423272	99.672159
52.026049	16002	96.336947	96.388973
53.075775	16002	95.666232	95.719308
50.863505	16002	96.575269	96.626132
50.769869	16002	95.809817	95.860587
56.727219	16002	98.051493	98.108220
59.325658	16002	92.098860	92.158186
58.897233	16002	96.773408	96.832305
60.847720	16002	96.960032	97.020880
49.849153	16002	97.015327	97.065176
59.758778	16002	93.105652	93.165411
54.794589	16002	97.146174	97.200969
53.997987	16002	97.406956	97.460954
50.869740	16002	94.197924	94.248794
50.929123	16002	96.930601	96.981530
59.463872	16002	94.790889	94.850353
49.055677	16002	94.513429	94.562484
55.093267	16002	96.839249	96.894342
61.567762	16002	97.052212	97.113780
261.439488	16002	95.483562	95.745001
65.527235	16002	96.268017	96.333545
55.184090	16002	98.605674	98.660858
56.629122	16002	97.610762	97.667391
52.529360	16002	97.006196	97.058726
