0.003090	1	0.003730	0.003733
0.002888	1	0.004363	0.004366
0.001671	1	0.005391	0.005393
0.001699	1	0.004374	0.004376
0.001708	1	0.003309	0.003311
0.001382	1	0.005271	0.005272
0.001470	1	0.003159	0.003160
0.001473	1	0.003159	0.003160
0.002060	1	0.003315	0.003317
0.001762	1	0.003735	0.003736
0.003742	1	0.003132	0.003135
0.002059	1	0.006275	0.006277
0.001753	1	0.003818	0.003819
0.001596	1	0.004363	0.004365
0.001714	1	0.002931	0.002933
0.001873	1	0.003989	0.003991
0.001773	1	0.002691	0.002692
0.001846	1	0.008625	0.008627
0.001779	1	0.002929	0.002931
0.002005	1	0.002892	0.002894
0.029957	1	0.003474	0.003504
0.002846	1	0.003796	0.003799
0.001897	1	0.006275	0.006277
0.002920	1	0.003061	0.003064
0.001807	1	0.003863	0.003865
0.001758	1	0.020797	0.020798
0.001967	1	0.005662	0.005664
0.001617	1	0.003735	0.003736
0.002124	1	0.003227	0.003229
0.001782	1	0.003661	0.003662
0.003941	1	0.003227	0.003231
0.001936	1	0.006512	0.006514
0.001768	1	0.007407	0.007408
0.002129	1	0.005298	0.005300
0.002712	1	0.003274	0.003277
0.001651	1	0.003736	0.003738
0.002123	1	0.002990	0.002992
0.001901	1	0.003419	0.003421
0.001759	1	0.003338	0.003339
0.002308	1	0.005682	0.005684
0.002502	1	0.004096	0.004098
0.001772	1	0.003758	0.003760
0.001688	1	0.003041	0.003042
0.002202	1	0.007407	0.007409
0.001604	1	0.003381	0.003382
0.001797	1	0.006512	0.006514
0.001748	1	0.003419	0.003420
0.001358	1	0.004184	0.004185
0.001396	1	0.003791	0.003793
0.001780	1	0.005662	0.005664
0.002771	1	0.003781	0.003784
0.001595	1	0.004073	0.004074
0.001433	1	0.002855	0.002856
0.001691	1	0.002744	0.002746
0.001412	1	0.003425	0.003426
0.001395	1	0.003712	0.003713
0.001397	1	0.006512	0.006514
0.001623	1	0.003154	0.003155
0.001578	1	0.004453	0.004455
0.001595	1	0.002983	0.002985
0.002485	1	0.003132	0.003134
0.001527	1	0.005662	0.005663
0.001717	1	0.003876	0.003878
0.002108	1	0.003474	0.003476
0.001705	1	0.003736	0.003738
0.001515	1	0.006063	0.006064
0.001676	1	0.004594	0.004596
0.001725	1	0.004179	0.004181
0.001680	1	0.002972	0.002974
0.001566	1	0.005682	0.005684
0.002251	1	0.046311	0.046313
0.001392	1	0.003696	0.003697
0.001339	1	0.003818	0.003819
0.002153	1	0.016468	0.016471
0.001453	1	0.005262	0.005264
0.001263	1	0.002642	0.002643
0.001381	1	0.002642	0.002643
0.001813	1	0.004946	0.004948
0.001357	1	0.004598	0.004600
0.001406	1	0.002952	0.002954
0.002743	1	0.048429	0.048432
0.001375	1	0.004073	0.004074
0.001578	1	0.003013	0.003014
0.001224	1	0.003132	0.003133
0.001258	1	0.003301	0.003302
0.001491	1	0.005298	0.005299
0.001500	1	0.003301	0.003303
0.001479	1	0.004946	0.004948
0.001302	1	0.004407	0.004408
0.001217	1	0.002750	0.002751
0.002284	1	0.003699	0.003701
0.001392	1	0.004214	0.004215
0.003053	1	0.082097	0.082100
0.001478	1	0.003943	0.003945
0.001468	1	0.004912	0.004914
0.001637	1	0.007055	0.007057
0.001317	1	0.005682	0.005683
0.001414	1	0.003406	0.003407
0.001448	1	0.003633	0.003635
0.001724	1	0.003255	0.003256
