7.588984	2002	12.140902	12.148491
7.999718	2002	11.683039	11.691038
7.603002	2002	12.744041	12.751644
8.249684	2002	11.964739	11.972989
7.254615	2002	11.845782	11.853037
7.993288	2002	12.487719	12.495712
7.577918	2002	12.285944	12.293522
8.114032	2002	11.872540	11.880654
7.417571	2002	11.926744	11.934161
7.642577	2002	12.866545	12.874187
7.738699	2002	12.756396	12.764135
51.725307	2002	11.531033	11.582758
7.353851	2002	12.234200	12.241554
7.923657	2002	12.435310	12.443234
7.339317	2002	12.113601	12.120940
8.324526	2002	12.546485	12.554809
7.745749	2002	11.841007	11.848753
7.838336	2002	12.854931	12.862769
7.590734	2002	12.279683	12.287274
8.785552	2002	12.416419	12.425205
7.504099	2002	12.696501	12.704005
8.179162	2002	12.144226	12.152405
7.439170	2002	12.385398	12.392837
8.279777	2002	11.465974	11.474254
7.664588	2002	13.174923	13.182588
8.135806	2002	12.538960	12.547096
7.641648	2002	11.222734	11.230375
9.093941	2002	11.946413	11.955507
50.243898	2002	11.423334	11.473578
8.025333	2002	12.813584	12.821610
7.809157	2002	11.894504	11.902313
8.184483	2002	12.465302	12.473486
8.511338	2002	11.987077	11.995588
8.016391	2002	11.364210	11.372226
7.666591	2002	11.453662	11.461329
7.830340	2002	11.923622	11.931452
8.296190	2002	11.722389	11.730685
8.085949	2002	11.282295	11.290381
7.698271	2002	11.904814	11.912513
7.506552	2002	12.299914	12.307421
7.742996	2002	12.378699	12.386442
8.165194	2002	12.263410	12.271575
7.874735	2002	11.624080	11.631955
7.610308	2002	12.309730	12.317341
7.849324	2002	11.719062	11.726912
8.001234	2002	11.765503	11.773504
8.086706	2002	12.224243	12.232329
8.237849	2002	11.963631	11.971869
8.102371	2002	12.026195	12.034297
9.963589	2002	11.935575	11.945538
7.904489	2002	11.504896	11.512800
7.821391	2002	12.221726	12.229547
8.114939	2002	12.014672	12.022787
9.945644	2002	12.371527	12.381472
8.038433	2002	11.701043	11.709082
8.156786	2002	11.742159	11.750316
8.159214	2002	12.559212	12.567371
7.577302	2002	12.489681	12.497258
7.790063	2002	11.506661	11.514451
7.997818	2002	12.058195	12.066193
7.954353	2002	12.704117	12.712071
8.251199	2002	11.388919	11.397170
7.818482	2002	11.022126	11.029944
8.115250	2002	11.854951	11.863066
7.454075	2002	12.419242	12.426696
7.860544	2002	12.506600	12.514460
46.429914	2002	12.364572	12.411002
7.857679	2002	11.846033	11.853891
7.663203	2002	12.810995	12.818658
7.689264	2002	11.350168	11.357857
7.850862	2002	12.426550	12.434401
7.923842	2002	11.399019	11.406943
7.404567	2002	11.675085	11.682489
7.276497	2002	12.080759	12.088035
7.523963	2002	12.869570	12.877094
8.629149	2002	11.426112	11.434741
7.417839	2002	12.075833	12.083251
7.426942	2002	12.148704	12.156131
7.478448	2002	11.875628	11.883106
7.772906	2002	12.851991	12.859764
7.349317	2002	12.699280	12.706630
7.090408	2002	12.673281	12.680371
7.214643	2002	11.069481	11.076696
48.521115	2002	11.848003	11.896524
7.375270	2002	11.633771	11.641147
8.102298	2002	11.254439	11.262541
7.895281	2002	12.084222	12.092117
7.996541	2002	11.950535	11.958532
7.851819	2002	12.874687	12.882539
7.766846	2002	11.491801	11.499568
7.834735	2002	11.767451	11.775286
7.697000	2002	12.539390	12.547087
8.238774	2002	12.096698	12.104937
7.686206	2002	12.802745	12.810431
7.622066	2002	11.475964	11.483586
8.091629	2002	10.930553	10.938644
7.993204	2002	12.508571	12.516564
8.236392	2002	12.758464	12.766700
7.491888	2002	13.371064	13.378556
8.123941	2002	11.932505	11.940629
