6947.995693	3216402	19368.135552	19375.083548
7548.452111	3216402	19360.464336	19368.012789
6971.576979	3216402	19336.541207	19343.512784
7692.756358	3216402	19417.669691	19425.362447
7409.017182	3216402	19376.884580	19384.293597
7744.496309	3216402	19356.650349	19364.394845
7749.522461	3216402	19360.764344	19368.513866
7346.120738	3216402	19366.203844	19373.549965
7825.414914	3216402	19384.135420	19391.960835
5650.480953	3216402	19400.037984	19405.688465
6345.673427	3216402	19385.874179	19392.219852
7219.709399	3216402	19368.951265	19376.170974
7858.803745	3216402	19373.156303	19381.015107
6374.404629	3216402	19365.303155	19371.677559
7205.363010	3216402	19391.582944	19398.788307
7066.256579	3216402	19378.024299	19385.090556
7343.837704	3216402	19366.275282	19373.619120
6928.346004	3216402	19374.333934	19381.262280
6968.043592	3216402	19400.575292	19407.543335
6566.539665	3216402	19335.986192	19342.552732
7415.902142	3216402	19364.998309	19372.414211
6907.949316	3216402	19351.083213	19357.991162
6656.957657	3216402	19342.903645	19349.560602
6854.508613	3216402	19350.421342	19357.275851
7677.061286	3216402	19381.032120	19388.709181
7474.237958	3216402	19369.883560	19377.357798
6714.492974	3216402	19376.533825	19383.248318
6738.716210	3216402	19351.875369	19358.614085
7245.350964	3216402	19367.506133	19374.751484
7405.808009	3216402	19388.699058	19396.104866
6900.324508	3216402	19373.935761	19380.836085
6457.010161	3216402	19357.170472	19363.627482
7243.021459	3216402	19352.711003	19359.954024
7533.803324	3216402	19380.966510	19388.500314
6716.251392	3216402	19373.998077	19380.714329
6767.034277	3216402	19355.893623	19362.660657
6750.139233	3216402	19391.248634	19397.998774
7379.865665	3216402	19346.959213	19354.339079
6907.107373	3216402	19380.161867	19387.068974
6239.409268	3216402	19370.054326	19376.293735
7144.863770	3216402	19396.158563	19403.303427
7125.646339	3216402	19378.949688	19386.075334
6344.483752	3216402	19369.288539	19375.633023
6221.624669	3216402	19356.886779	19363.108404
7745.850896	3216402	19392.148505	19399.894356
6949.787478	3216402	19368.887061	19375.836848
6872.834860	3216402	19360.698091	19367.570926
7424.473269	3216402	19367.370262	19374.794735
7088.545350	3216402	19394.837931	19401.926476
6490.350103	3216402	19394.095773	19400.586123
6393.498785	3216402	19372.238758	19378.632257
7401.667714	3216402	19379.728882	19387.130549
7251.338482	3216402	19380.542197	19387.793535
6990.948496	3216402	19391.268407	19398.259356
7076.703359	3216402	19343.430689	19350.507393
7602.101064	3216402	19405.528019	19413.130120
6861.717535	3216402	19344.451139	19351.312856
6354.319875	3216402	19369.864517	19376.218836
6182.733370	3216402	19356.063944	19362.246677
7309.210039	3216402	19373.698062	19381.007272
6840.212709	3216402	19330.124156	19336.964368
7089.190674	3216402	19407.838648	19414.927839
7098.015080	3216402	19379.339040	19386.437055
7496.683344	3216402	19335.539311	19343.035994
7039.918770	3216402	19376.555860	19383.595779
6516.150437	3216402	19379.379576	19385.895727
6228.185350	3216402	19349.912623	19356.140808
7482.451346	3216402	19392.904373	19400.386825
7268.127203	3216402	19373.192878	19380.461005
6586.822747	3216402	19390.065959	19396.652782
6767.495005	3216402	19334.071163	19340.838658
7525.180458	3216402	19396.918818	19404.443999
7173.399588	3216402	19369.009447	19376.182847
7644.951600	3216402	19386.909411	19394.554363
6491.555708	3216402	19343.981150	19350.472705
7936.758804	3216402	19380.272917	19388.209676
7448.928871	3216402	19390.656719	19398.105648
6538.930553	3216402	19357.165247	19363.704177
6933.204925	3216402	19397.460471	19404.393676
7402.411328	3216402	19366.161377	19373.563789
7546.182092	3216402	19342.652483	19350.198665
6487.732882	3216402	19360.583580	19367.071313
6435.714599	3216402	19401.635801	19408.071516
7355.323362	3216402	19367.411364	19374.766688
6600.949759	3216402	19385.169748	19391.770698
6728.216680	3216402	19364.319317	19371.047534
7340.107735	3216402	19352.656601	19359.996708
6680.866016	3216402	19379.463490	19386.144356
7014.013234	3216402	19379.010232	19386.024245
6291.309067	3216402	19377.442893	19383.734202
8370.627332	3216402	19375.182715	19383.553342
6594.498455	3216402	19379.449102	19386.043600
7107.049814	3216402	19397.791995	19404.899045
6302.226810	3216402	19355.188147	19361.490374
8526.852760	3216402	19392.811181	19401.338034
7146.407577	3216402	19375.323778	19382.470186
6883.646984	3216402	19369.494528	19376.378175
7124.971302	3216402	19355.325565	19362.450537
7579.367308	3216402	19379.521791	19387.101159
7024.759178	3216402	19364.963341	19371.988100
