0.005121	1	0.003979	0.003984
0.002334	1	0.003511	0.003514
0.002633	1	0.004363	0.004366
0.002812	1	0.004326	0.004329
0.002223	1	0.005262	0.005265
0.002739	1	0.004106	0.004108
0.002630	1	0.003601	0.003603
0.001446	1	0.016468	0.016470
0.002769	1	0.005682	0.005685
0.002140	1	0.003246	0.003249
0.003279	1	0.005271	0.005274
0.002159	1	0.003063	0.003065
0.002247	1	0.013419	0.013422
0.002516	1	0.002855	0.002857
0.002381	1	0.003431	0.003433
0.002835	1	0.003201	0.003204
0.002637	1	0.046311	0.046313
0.002455	1	0.007407	0.007409
0.003028	1	0.003132	0.003135
0.002325	1	0.004265	0.004267
0.003556	1	0.005342	0.005346
0.002564	1	0.004214	0.004216
0.002283	1	0.003372	0.003374
0.002552	1	0.004842	0.004844
0.001757	1	0.005391	0.005393
0.002419	1	0.020797	0.020799
0.003101	1	0.003121	0.003125
0.003130	1	0.003328	0.003331
0.002409	1	0.002944	0.002946
0.002628	1	0.003378	0.003380
0.003948	1	0.003730	0.003734
0.002934	1	0.003633	0.003636
0.002617	1	0.003058	0.003061
0.002445	1	0.003610	0.003612
0.002718	1	0.002713	0.002716
0.002426	1	0.003548	0.003550
0.002397	1	0.003280	0.003283
0.002267	1	0.003274	0.003276
0.002452	1	0.003820	0.003822
0.002380	1	0.005298	0.005300
0.003151	1	0.003363	0.003366
0.002840	1	0.003121	0.003124
0.002710	1	0.002739	0.002742
0.002056	1	0.003736	0.003739
0.001531	1	0.004378	0.004380
0.002434	1	0.002807	0.002809
0.002104	1	0.002642	0.002644
0.002344	1	0.004598	0.004601
0.002407	1	0.002758	0.002761
0.001997	1	0.082097	0.082099
0.003492	1	0.003254	0.003258
0.003100	1	0.003633	0.003637
0.003157	1	0.002929	0.002932
0.007063	1	0.002990	0.002997
0.002861	1	0.005489	0.005492
0.002440	1	0.016468	0.016471
0.001731	1	0.003354	0.003355
0.002429	1	0.006512	0.006515
0.003112	1	0.003712	0.003715
0.002463	1	0.003863	0.003865
0.003803	1	0.002855	0.002859
0.003008	1	0.008182	0.008185
0.002372	1	0.002990	0.002992
0.002371	1	0.003723	0.003726
0.002439	1	0.008625	0.008628
0.002308	1	0.003736	0.003739
0.002870	1	0.003338	0.003340
0.002490	1	0.009338	0.009340
0.002504	1	0.003656	0.003658
0.002729	1	0.006575	0.006577
0.003556	1	0.007407	0.007410
0.002210	1	0.006063	0.006065
0.002455	1	0.016468	0.016471
0.003115	1	0.002952	0.002955
0.002824	1	0.004350	0.004353
0.002755	1	0.004226	0.004229
0.002398	1	0.004226	0.004229
0.002384	1	0.003979	0.003981
0.002706	1	0.006063	0.006065
0.002819	1	0.002642	0.002645
0.003665	1	0.002981	0.002985
0.002394	1	0.003406	0.003408
0.002304	1	0.004445	0.004447
0.002254	1	0.004226	0.004229
0.001795	1	0.004912	0.004914
0.002030	1	0.002758	0.002760
0.002018	1	0.002944	0.002946
0.002487	1	0.003342	0.003344
0.002742	1	0.002972	0.002975
0.002311	1	0.003865	0.003867
0.003663	1	0.002744	0.002748
0.003017	1	0.003201	0.003204
0.002512	1	0.003633	0.003636
0.002351	1	0.005277	0.005279
0.002717	1	0.004445	0.004448
0.002233	1	0.003399	0.003402
0.002403	1	0.002713	0.002715
0.002460	1	0.003301	0.003304
0.002287	1	0.002931	0.002933
0.002294	1	0.002983	0.002985
