7.530536	4000	23.484396	23.491926
0.042443	2	0.008787	0.008829
0.013487	1	0.002831	0.002845
0.011650	1	0.003411	0.003422
0.013202	2	0.007719	0.007732
0.012788	2	0.010879	0.010892
2.977023	1994	12.051324	12.054301
4.802346	2007	11.583425	11.588227
0.038974	1	0.002892	0.002931
5.912154	1994	12.440291	12.446203
3.893902	1976	12.227515	12.231409
7.168937	4000	24.083654	24.090823
0.046258	1	0.002972	0.003019
0.014558	1	0.003399	0.003414
0.016256	2	0.006830	0.006847
0.012685	1	0.003633	0.003646
0.020993	1	0.003490	0.003511
0.012285	1	0.003633	0.003646
0.011557	1	0.003791	0.003803
0.012155	1	0.002712	0.002724
0.015035	1	0.002712	0.002727
3.640683	1967	12.097414	12.101055
0.028644	2	0.006278	0.006307
0.011911	1	0.005489	0.005501
0.012234	2	0.006897	0.006909
0.013094	2	0.006792	0.006805
0.011120	1	0.003758	0.003769
0.012389	1	0.003723	0.003736
0.010485	1	0.003406	0.003416
3.489455	1967	12.324071	12.327560
0.017362	2	0.008177	0.008194
8.629843	4000	24.480007	24.488637
0.045156	1	0.008775	0.008820
0.014927	1	0.017445	0.017460
0.014203	1	0.002713	0.002727
0.017074	2	0.008424	0.008441
3.359259	2013	12.696730	12.700089
0.027064	2	0.011375	0.011402
4.241767	1988	11.990207	11.994449
8.291558	4000	23.895197	23.903489
0.013562	1	0.003201	0.003215
0.011127	1	0.003309	0.003320
0.011209	1	0.003410	0.003421
0.011760	1	0.003871	0.003883
0.011489	1	0.004378	0.004390
0.008627	1	0.006512	0.006521
0.011098	1	0.009338	0.009349
0.011211	1	0.003419	0.003430
0.011628	1	0.020797	0.020808
0.011977	1	0.091022	0.091034
0.015334	1	0.003656	0.003671
0.009081	1	0.048429	0.048438
0.011881	1	0.003237	0.003249
0.011104	1	0.004326	0.004338
0.012832	1	0.003939	0.003952
0.010644	1	0.003245	0.003256
4.169187	2021	11.185951	11.190120
0.027248	1	0.005298	0.005325
7.138884	4000	23.568635	23.575774
2.925710	1980	12.333467	12.336392
0.013661	1	0.006798	0.006812
0.011640	1	0.003431	0.003442
0.011142	1	0.003871	0.003882
0.012157	1	0.003943	0.003955
0.010216	1	0.003213	0.003223
0.011703	1	0.002739	0.002751
0.010279	1	0.007055	0.007066
0.008764	1	0.003417	0.003426
0.010268	1	0.003121	0.003132
3.750026	1999	11.274280	11.278030
0.015238	1	0.003750	0.003765
0.012542	1	0.004453	0.004466
2.196015	994	5.864988	5.867184
0.021729	1	0.003871	0.003893
0.010132	1	0.002892	0.002902
0.011572	1	0.003227	0.003239
8.104195	4000	24.302130	24.310234
8.228309	4000	24.060486	24.068714
0.045230	1	0.005298	0.005343
0.015911	1	0.008775	0.008791
4.240745	1976	12.072684	12.076925
0.030683	1	0.003342	0.003372
0.012013	1	0.003363	0.003375
0.012267	1	0.048429	0.048441
0.012393	1	0.004073	0.004085
0.012375	1	0.003372	0.003384
0.011605	1	0.003301	0.003313
4.290575	2025	13.445038	13.449329
0.027681	1	0.002981	0.003009
0.015054	1	0.003237	0.003252
0.015004	2	0.006059	0.006074
0.012933	2	0.008271	0.008284
0.012485	2	0.010568	0.010581
0.011183	2	0.006530	0.006542
0.011519	2	0.007909	0.007921
0.014358	3	0.011757	0.011772
0.012504	1	0.004378	0.004391
0.010582	1	0.003301	0.003311
0.010932	2	0.006782	0.006793
0.012088	1	0.016468	0.016481
