0.093530	1	0.003791	0.003885
0.006758	1	0.004588	0.004595
0.002121	1	0.003372	0.003374
0.001377	1	0.004588	0.004589
0.002066	1	0.003041	0.003043
0.001876	1	0.048429	0.048431
0.002025	1	0.003315	0.003317
0.001861	1	0.005342	0.005344
0.001841	1	0.004407	0.004409
0.002002	1	0.002981	0.002983
0.003351	1	0.004588	0.004591
0.002190	1	0.003203	0.003205
0.002391	1	0.003301	0.003303
0.001958	1	0.003803	0.003805
0.001899	1	0.016497	0.016499
0.001479	1	0.005832	0.005834
0.001660	1	0.002747	0.002748
0.001410	1	0.006275	0.006276
0.002067	1	0.003342	0.003344
0.001310	1	0.003712	0.003713
0.003139	1	0.009338	0.009341
0.001560	1	0.003230	0.003232
0.001990	1	0.003159	0.003161
0.001983	1	0.003378	0.003379
0.001943	1	0.002712	0.002713
0.002190	1	0.002831	0.002833
0.001812	1	0.006833	0.006835
0.001505	1	0.003417	0.003419
0.001545	1	0.004374	0.004376
0.001359	1	0.005277	0.005278
0.002396	1	0.002981	0.002984
0.002138	1	0.004374	0.004376
0.001327	1	0.003311	0.003312
0.002095	1	0.003601	0.003603
0.002015	1	0.003548	0.003550
0.001724	1	0.003780	0.003782
0.001996	1	0.004184	0.004186
0.001787	1	0.003328	0.003329
0.001680	1	0.003061	0.003063
0.001886	1	0.003372	0.003374
0.003348	1	0.004073	0.004076
0.002525	1	0.003633	0.003636
0.002056	1	0.004080	0.004082
0.002353	1	0.003511	0.003514
0.002126	1	0.003937	0.003939
0.001935	1	0.003661	0.003663
0.002202	1	0.004080	0.004082
0.001517	1	0.005262	0.005264
0.002083	1	0.003417	0.003419
0.001645	1	0.004598	0.004600
0.004604	1	0.003781	0.003786
0.003345	1	0.002972	0.002976
0.003038	1	0.005170	0.005173
0.002664	1	0.003280	0.003283
0.003165	1	0.004080	0.004083
0.002468	1	0.003378	0.003380
0.002917	1	0.004445	0.004448
0.002451	1	0.004378	0.004381
0.002236	1	0.004179	0.004181
0.002396	1	0.003758	0.003760
0.003251	1	0.003012	0.003016
0.002285	1	0.004096	0.004098
0.002485	1	0.003799	0.003802
0.001861	1	0.004129	0.004131
0.002028	1	0.057348	0.057350
0.001590	1	0.005298	0.005299
0.001770	1	0.004946	0.004948
0.001759	1	0.003865	0.003866
0.002107	1	0.003227	0.003229
0.002456	1	0.003791	0.003794
0.003489	1	0.004326	0.004330
0.002111	1	0.007407	0.007409
0.002224	1	0.003012	0.003015
0.002180	1	0.003201	0.003203
0.002013	1	0.003227	0.003229
0.001823	1	0.003410	0.003412
0.001847	1	0.005170	0.005172
0.002353	1	0.016468	0.016471
0.001958	1	0.002931	0.002933
0.002312	1	0.006833	0.006835
0.002899	1	0.004184	0.004187
0.001634	1	0.004842	0.004843
0.001741	1	0.003937	0.003938
0.002108	1	0.002662	0.002664
0.002181	1	0.003237	0.003239
0.001748	1	0.003930	0.003931
0.001915	1	0.004184	0.004186
0.001952	1	0.003354	0.003356
0.001963	1	0.003411	0.003413
0.001819	1	0.003730	0.003732
0.003466	1	0.003201	0.003205
0.002365	1	0.002972	0.002975
0.001826	1	0.002972	0.002974
0.002743	1	0.004453	0.004456
0.001838	1	0.003791	0.003793
0.002332	1	0.003803	0.003806
0.002575	1	0.002744	0.002747
0.002300	1	0.003943	0.003946
0.001609	1	0.006700	0.006702
0.002268	1	0.003601	0.003603
