143.822826	2001	11.708865	11.852688
89.094987	2001	12.391380	12.480475
87.356624	2003	11.883568	11.970925
87.586890	2005	12.201860	12.289447
87.068692	2007	12.986270	13.073339
115.247166	2009	11.925919	12.041166
86.867714	2011	11.997413	12.084281
80.244649	2013	12.133790	12.214034
84.196744	2015	12.104039	12.188236
104.734596	2017	12.528884	12.633619
198.387957	2001	11.533169	11.731557
213.399379	2001	11.937245	12.150645
78.775115	2003	11.914409	11.993184
83.351295	2005	11.459244	11.542595
80.017995	2007	12.172884	12.252902
90.643481	2009	11.618852	11.709496
71.541893	2011	11.541653	11.613195
75.353551	2013	12.778669	12.854022
78.548730	2015	12.330963	12.409511
71.753542	2017	13.069812	13.141565
69.634152	2001	13.162684	13.232318
68.995507	2001	12.132784	12.201779
85.678868	2003	12.470412	12.556091
79.051765	2005	12.233784	12.312836
79.780531	2007	12.095848	12.175629
80.528693	2009	12.012784	12.093312
102.434721	2011	12.039350	12.141784
82.732150	2013	11.726897	11.809629
81.357947	2015	11.860616	11.941974
80.384405	2017	12.434956	12.515340
70.676101	2001	12.057058	12.127734
78.978399	2001	12.051505	12.130483
83.009290	2003	12.133587	12.216596
96.447716	2005	12.458289	12.554736
68.430228	2007	11.682769	11.751199
83.505170	2009	12.041644	12.125149
81.531940	2011	11.633067	11.714598
104.169622	2013	11.342186	11.446356
77.643058	2015	12.143997	12.221640
78.113638	2017	11.585877	11.663991
71.052939	2001	12.013546	12.084598
79.660483	2001	11.910481	11.990142
81.121127	2003	12.360591	12.441712
97.137137	2005	11.820689	11.917826
81.552600	2007	12.817049	12.898602
72.066379	2009	12.359591	12.431657
79.040307	2011	13.036292	13.115333
82.257321	2013	12.264964	12.347221
105.005969	2015	12.129182	12.234188
76.155686	2017	12.064220	12.140375
103.836823	2001	11.745651	11.849487
82.905273	2001	12.549022	12.631927
73.292574	2003	12.233850	12.307142
79.136477	2005	12.802572	12.881708
90.411370	2007	11.256965	11.347376
79.012017	2009	11.927244	12.006256
82.356323	2011	12.123601	12.205957
72.030133	2013	11.728564	11.800595
80.759710	2015	11.986912	12.067672
96.278415	2017	11.601926	11.698204
78.698302	2001	11.857274	11.935973
97.834801	2001	11.663656	11.761491
78.878915	2003	11.985284	12.064163
82.646413	2005	12.063933	12.146580
72.397668	2007	11.960626	12.033024
99.815623	2009	12.064344	12.164160
86.992360	2011	12.588434	12.675426
72.292146	2013	11.691611	11.763903
79.787915	2015	12.513040	12.592828
68.104802	2017	12.304987	12.373091
78.368638	2001	11.800160	11.878528
98.474396	2001	12.617280	12.715755
71.160414	2003	12.110247	12.181408
80.306648	2005	11.608618	11.688925
73.907392	2007	12.285929	12.359837
75.084772	2009	12.074173	12.149258
102.490683	2011	11.367186	11.469677
82.272981	2013	11.329652	11.411925
72.319305	2015	12.321622	12.393941
76.656326	2017	11.765825	11.842482
79.884014	2001	12.003056	12.082940
79.118986	2001	13.302662	13.381781
93.661628	2003	11.246311	11.339972
76.670391	2005	12.920574	12.997245
77.046795	2007	12.978825	13.055872
70.920733	2009	12.445239	12.516160
79.858367	2011	12.441714	12.521572
108.152200	2013	12.439081	12.547233
76.149007	2015	11.191356	11.267505
76.891625	2017	12.071474	12.148366
82.143080	2001	11.037285	11.119428
80.704429	2001	12.414238	12.494942
72.860047	2003	12.208167	12.281027
93.785801	2005	13.267690	13.361476
82.834842	2007	12.407409	12.490244
82.484738	2009	11.511585	11.594069
81.776751	2011	12.593880	12.675657
71.736967	2013	12.308772	12.380509
102.673979	2015	12.896767	12.999441
82.661915	2017	11.457805	11.540467
