5.141263	4000	23.701164	23.706305
0.765532	2	0.006938	0.007704
0.636318	1	0.004179	0.004815
0.618952	1	0.002944	0.003563
0.630234	2	0.007783	0.008413
0.609522	2	0.005392	0.006001
2.550269	1994	11.848932	11.851482
3.408553	2007	11.985891	11.989300
0.734608	1	0.048429	0.049164
4.642285	1994	11.168247	11.172890
3.803700	1976	12.055986	12.059790
3.557597	4000	23.131856	23.135414
0.840623	1	0.003363	0.004204
0.720628	1	0.002981	0.003702
0.681375	2	0.006482	0.007163
0.678222	1	0.004594	0.005272
0.685551	1	0.005277	0.005962
0.680720	1	0.003656	0.004336
0.728539	1	0.007055	0.007784
0.686309	1	0.002678	0.003365
1.904866	1	0.005378	0.007283
2.665324	1967	11.198024	11.200689
0.728163	2	0.007222	0.007950
0.709910	1	0.002723	0.003432
0.693571	2	0.009209	0.009903
0.695381	2	0.051609	0.052304
0.683139	1	0.002678	0.003361
0.676927	1	0.004946	0.005623
0.676053	1	0.003342	0.004018
4.221912	1967	12.025212	12.029434
1.873945	2	0.008324	0.010198
4.219173	4000	24.012087	24.016307
0.858390	1	0.003061	0.003920
0.692657	1	0.002983	0.003676
0.685452	1	0.003445	0.004130
0.699856	2	0.007213	0.007913
2.547351	2013	12.122143	12.124690
0.732531	2	0.010168	0.010901
2.434791	1988	11.517260	11.519695
3.708926	4000	23.876595	23.880304
1.883645	1	0.004350	0.006234
0.662843	1	0.004179	0.004842
0.660405	1	0.002758	0.003419
0.708256	1	0.016497	0.017206
0.686041	1	0.003249	0.003935
0.729291	1	0.005682	0.006411
0.699990	1	0.002972	0.003672
0.688829	1	0.005489	0.006178
0.683852	1	0.005298	0.005982
0.690249	1	0.002952	0.003643
1.887731	1	0.003284	0.005172
0.649520	1	0.003289	0.003939
0.656451	1	0.004293	0.004950
0.673468	1	0.004265	0.004938
0.706628	1	0.006798	0.007505
0.708588	1	0.003328	0.004036
3.026585	2021	11.866071	11.869097
0.738116	1	0.003750	0.004488
3.540161	4000	22.961569	22.965109
2.438434	1980	11.475601	11.478039
1.879319	1	0.003820	0.005699
0.684013	1	0.003063	0.003747
0.665941	1	0.003246	0.003912
0.679910	1	0.004214	0.004894
0.679516	1	0.003058	0.003738
0.695773	1	0.002758	0.003454
0.696830	1	0.006275	0.006972
0.700698	1	0.005513	0.006214
0.677519	1	0.004842	0.005519
2.704722	1999	11.662366	11.665071
1.873371	1	0.003254	0.005128
0.650166	1	0.006798	0.007448
1.714891	994	6.068721	6.070436
0.718062	1	0.003284	0.004002
0.705634	1	0.002990	0.003695
0.696587	1	0.005489	0.006186
4.041346	4000	25.846700	25.850742
3.182368	4000	24.455920	24.459102
0.745833	1	0.002990	0.003736
0.672016	1	0.004080	0.004752
3.709142	1976	10.972206	10.975915
0.667710	1	0.004179	0.004847
0.674711	1	0.003276	0.003951
0.699690	1	0.003363	0.004063
0.713143	1	0.003528	0.004241
0.727938	1	0.003249	0.003977
0.683980	1	0.003730	0.004414
2.701382	2025	11.893542	11.896243
0.772556	1	0.006798	0.007570
0.679710	1	0.003203	0.003883
1.873622	2	0.007659	0.009533
0.684612	2	0.007216	0.007901
0.659544	2	0.015400	0.016060
0.686070	2	0.012589	0.013275
0.703036	2	0.010004	0.010707
0.703355	3	0.012077	0.012780
0.693680	1	0.003490	0.004183
0.700176	1	0.002990	0.003690
0.687009	2	0.008306	0.008993
0.681537	1	0.003016	0.003697
