40.525761	16002	96.729556	96.770081
53.609432	16002	96.431053	96.484662
51.220683	16002	97.037923	97.089143
53.464046	16002	96.004577	96.058041
64.055235	16002	97.080764	97.144819
64.191688	16002	97.161259	97.225450
52.985038	16002	96.397497	96.450482
52.517390	16002	94.934973	94.987490
53.731104	16002	95.896542	95.950273
56.976915	16002	98.336609	98.393586
65.939471	16002	97.724836	97.790776
57.360430	16002	95.734521	95.791881
53.788747	16002	97.294556	97.348345
56.730926	16002	99.306144	99.362875
63.214626	16002	96.482324	96.545538
60.088947	16002	99.707599	99.767688
59.538181	16002	94.695579	94.755117
58.431138	16002	95.722553	95.780985
52.825718	16002	95.844074	95.896899
256.987217	16002	96.559938	96.816926
65.192883	16002	94.588165	94.653358
64.046054	16002	97.249149	97.313195
65.047792	16002	97.513237	97.578285
59.048809	16002	96.944225	97.003274
58.485607	16002	96.688797	96.747283
52.535167	16002	94.510550	94.563085
63.711521	16002	97.960275	98.023986
57.361098	16002	94.408219	94.465580
58.183831	16002	97.570332	97.628516
50.652671	16002	97.258543	97.309196
57.939753	16002	95.764869	95.822809
60.330669	16002	100.456770	100.517101
59.008788	16002	94.874339	94.933348
63.593932	16002	96.694879	96.758472
60.650157	16002	99.361272	99.421923
59.686911	16002	95.577374	95.637061
57.423770	16002	95.782879	95.840303
55.627156	16002	97.643365	97.698992
55.499618	16002	98.858541	98.914041
55.919205	16002	97.271678	97.327597
237.821281	16002	96.920105	97.157926
60.710874	16002	96.412572	96.473283
60.906193	16002	96.546912	96.607818
64.736041	16002	95.722845	95.787581
62.207808	16002	94.864379	94.926587
61.683009	16002	96.499012	96.560695
61.560396	16002	96.866703	96.928263
54.964146	16002	97.038405	97.093369
67.486175	16002	96.687033	96.754519
52.291901	16002	97.950114	98.002406
54.395797	16002	93.044809	93.099205
59.387965	16002	95.421528	95.480916
54.627962	16002	95.909184	95.963812
65.216538	16002	93.132948	93.198165
60.756811	16002	97.613220	97.673977
68.009433	16002	94.401496	94.469506
59.999411	16002	95.785858	95.845857
64.784386	16002	95.074038	95.138822
60.012300	16002	98.233776	98.293788
61.433263	16002	94.894271	94.955704
54.882439	16002	96.687199	96.742081
270.657000	16002	96.684026	96.954683
59.820938	16002	94.169405	94.229226
58.834213	16002	94.421437	94.480271
59.284618	16002	98.581447	98.640732
63.884817	16002	97.785229	97.849114
60.010406	16002	96.964463	97.024473
56.256098	16002	95.027103	95.083359
51.889455	16002	94.418323	94.470212
54.268835	16002	94.094101	94.148370
59.059945	16002	95.548321	95.607381
48.452301	16002	97.214971	97.263424
60.251551	16002	95.856326	95.916578
61.656155	16002	96.789569	96.851225
60.628999	16002	96.510653	96.571282
63.513956	16002	97.523142	97.586656
63.978944	16002	98.108405	98.172384
55.976193	16002	97.666455	97.722432
56.314969	16002	94.958869	95.015184
54.376245	16002	96.322008	96.376384
63.195267	16002	96.235976	96.299171
57.975270	16002	95.297665	95.355640
248.000200	16002	95.704809	95.952809
59.808474	16002	95.738943	95.798752
60.769556	16002	96.030521	96.091291
60.893287	16002	97.091353	97.152247
61.594707	16002	96.101551	96.163146
57.560330	16002	96.663424	96.720984
65.947746	16002	96.422083	96.488031
68.463347	16002	99.004284	99.072747
66.373974	16002	97.705730	97.772104
52.369516	16002	98.728738	98.781107
53.383601	16002	98.258989	98.312373
54.810141	16002	97.504560	97.559370
59.119867	16002	96.116591	96.175711
61.258747	16002	96.081927	96.143185
58.128578	16002	98.974921	99.033050
67.444716	16002	98.435443	98.502888
66.855528	16002	95.669237	95.736092
66.408583	16002	95.291774	95.358183
