46.729722	8002	48.737180	48.783910
25.055618	8002	48.753166	48.778221
29.503935	8002	47.324023	47.353527
25.833820	8002	47.586073	47.611907
25.439378	8002	49.175130	49.200569
23.874305	8002	47.938033	47.961908
26.033718	8002	48.633392	48.659426
25.577801	8002	48.989063	49.014641
23.425516	8002	46.711731	46.735156
24.336009	8002	48.929919	48.954255
26.010909	8002	47.533840	47.559851
23.072691	8002	47.964761	47.987834
24.446469	8002	47.793798	47.818244
26.228716	8002	49.992997	50.019226
22.512275	8002	47.344248	47.366761
24.601871	8002	49.771670	49.796272
24.062662	8002	47.724945	47.749007
28.321707	8002	48.132626	48.160947
116.214753	8002	47.979367	48.095581
32.055198	8002	47.901669	47.933724
22.807631	8002	47.529237	47.552045
86.278480	8002	47.207043	47.293321
23.838423	8002	47.393170	47.417008
28.597750	8002	50.356345	50.384942
99.325784	8002	48.534519	48.633845
29.632053	8002	47.893908	47.923541
28.492440	8002	47.268254	47.296746
100.361311	8002	48.850404	48.950765
24.549493	8002	48.872637	48.897186
23.438620	8002	48.432137	48.455576
24.346114	8002	47.612758	47.637104
24.247556	8002	48.405346	48.429593
29.140472	8002	49.494072	49.523212
24.185526	8002	47.956024	47.980210
24.865573	8002	47.730703	47.755569
23.917500	8002	50.224205	50.248122
28.568954	8002	47.916181	47.944750
30.953216	8002	48.855443	48.886396
23.181754	8002	48.207112	48.230293
23.572946	8002	47.649630	47.673203
24.166560	8002	47.846906	47.871072
22.805734	8002	48.252030	48.274835
23.319877	8002	47.272264	47.295584
24.204603	8002	48.896910	48.921115
29.747418	8002	47.906946	47.936694
28.129083	8002	46.987161	47.015290
28.612865	8002	49.746667	49.775280
25.911349	8002	48.341786	48.367698
24.402687	8002	49.191661	49.216064
26.339538	8002	49.758217	49.784556
25.730441	8002	48.737549	48.763279
24.551478	8002	47.693643	47.718194
25.832587	8002	49.586648	49.612481
25.456441	8002	48.159412	48.184868
24.092070	8002	48.038078	48.062170
26.155980	8002	48.090643	48.116799
26.324295	8002	49.236670	49.262994
24.392489	8002	46.444801	46.469193
26.858487	8002	48.767033	48.793891
27.063649	8002	49.556930	49.583994
23.843817	8002	47.078744	47.102588
25.173970	8002	47.885895	47.911069
24.682189	8002	47.334928	47.359611
27.532125	8002	49.473347	49.500879
28.647681	8002	47.795445	47.824092
30.700116	8002	47.319851	47.350552
26.451138	8002	48.530480	48.556931
97.303110	8002	48.100897	48.198200
24.427219	8002	48.571729	48.596156
23.204868	8002	46.764983	46.788188
91.613901	8002	49.044301	49.135915
23.504787	8002	47.372522	47.396026
23.174277	8002	49.270869	49.294044
84.258023	8002	48.133943	48.218201
24.349773	8002	48.174137	48.198487
23.167525	8002	47.380633	47.403801
87.316073	8002	48.541038	48.628354
24.011823	8002	49.077149	49.101161
22.970823	8002	47.877677	47.900648
98.470088	8002	47.796302	47.894772
31.574813	8002	48.412175	48.443750
29.029024	8002	47.483542	47.512571
29.406414	8002	46.345852	46.375258
31.473450	8002	48.710635	48.742108
29.009203	8002	47.172633	47.201642
24.463021	8002	49.426271	49.450734
25.029942	8002	47.848875	47.873905
23.109298	8002	48.959255	48.982365
28.847828	8002	48.791754	48.820602
29.141356	8002	49.286223	49.315365
28.176897	8002	47.604290	47.632467
26.209468	8002	49.183358	49.209568
28.615040	8002	48.773491	48.802106
28.285181	8002	49.319769	49.348054
24.903925	8002	49.655900	49.680803
26.483259	8002	47.937814	47.964297
29.031288	8002	47.248097	47.277128
25.799277	8002	46.731519	46.757319
26.910659	8002	47.499323	47.526234
26.206684	8002	47.161042	47.187249
