1412.418882	458218	2766.515469	2767.927887
1535.661776	336689	2023.390102	2024.925763
1612.195863	657859	3948.883818	3950.496014
1409.933048	240545	1446.069672	1447.479605
1202.576766	529531	3181.602490	3182.805066
1305.137761	593636	3573.626995	3574.932132
1288.707293	609700	3681.449989	3682.738697
1242.028176	352943	2117.837038	2119.079066
1331.743622	336697	2022.987447	2024.319190
1392.390492	641800	3858.618091	3860.010482
1012.900537	321667	1928.877141	1929.890041
1195.499530	224846	1356.763697	1357.959197
1143.403541	547	3.097909	4.241312
1183.687156	352740	2125.364076	2126.547764
1166.970820	330	2.008442	3.175412
1191.338078	263	1.570141	2.761479
1242.385848	556	3.590895	4.833281
1183.563709	257185	1544.656972	1545.840536
1203.951568	257147	1544.486703	1545.690654
1232.571713	416857	2523.286661	2524.519233
1142.921407	497907	3007.702982	3008.845904
1242.812413	625080	3761.778767	3763.021579
1294.921934	192475	1162.175636	1163.470558
1601.909350	128278	777.924066	779.525976
1534.409576	897645	5381.462585	5382.996994
1417.537493	929792	5590.757987	5592.175524
1348.260993	897650	5411.743778	5413.092039
1710.956518	352515	2112.852123	2114.563079
1440.611222	89	0.491669	1.932280
1413.616566	945890	5690.678955	5692.092572
1209.915625	361959	2187.052469	2188.262384
1457.847088	272722	1645.421813	1646.879660
1309.491632	497407	2990.422541	2991.732033
1364.777173	529486	3171.742110	3173.106887
1427.640648	369033	2223.268178	2224.695818
1317.935247	304724	1840.540305	1841.858241
1471.304804	16021	98.102755	99.574060
1463.527338	32030	194.691930	196.155457
1550.032261	609626	3669.568538	3671.118571
1505.760417	561408	3358.463796	3359.969557
1030.767204	458490	2767.124133	2768.154901
1170.044692	114279	686.654958	687.825003
1282.145978	915099	5514.310321	5515.592467
1249.589393	402465	2424.493442	2425.743031
1216.998914	595540	3577.304543	3578.521542
1204.533081	210310	1268.893973	1270.098506
1256.149505	210337	1269.318664	1270.574814
1278.469377	32787	198.456790	199.735259
1237.313199	402460	2421.026885	2422.264198
1308.081894	723798	4358.356904	4359.664986
1067.871665	346311	2090.340636	2091.408508
1161.429399	113236	684.700274	685.861704
1137.009453	338108	2040.462319	2041.599329
1117.775106	273968	1666.838486	1667.956261
1149.505776	177452	1075.328226	1076.477731
1122.549211	64210	385.156327	386.278876
1178.558197	706783	4256.916593	4258.095151
1268.891110	594560	3586.631807	3587.900698
1244.800139	305874	1840.835137	1842.079937
1197.019745	80344	482.617814	483.814834
1280.641022	497995	3000.677260	3001.957901
1262.289278	96289	585.316774	586.579064
1528.208333	769726	4629.870994	4631.399203
1363.559004	641453	3862.752836	3864.116395
1492.166991	705656	4254.904674	4256.396841
1376.575884	224944	1357.125214	1358.501790
1428.202818	96349	581.236538	582.664741
1658.331515	128755	778.546759	780.205091
1428.892340	142	0.875217	2.304109
1472.450230	657425	3948.884680	3950.357131
1221.611384	482389	2912.917963	2914.139574
1461.556352	64284	389.640158	391.101714
1314.138141	72535	438.525105	439.839243
1424.353311	979139	5904.956602	5906.380955
1581.305108	64254	386.789322	388.370627
1418.532490	191	1.220590	2.639122
1463.548042	978904	5892.437596	5893.901144
1515.716776	209762	1260.575330	1262.091047
1502.048594	946781	5707.606079	5709.108127
1508.681224	369635	2219.570052	2221.078734
826.891548	369962	2220.724286	2221.551178
1047.874813	578008	3483.727061	3484.774936
929.577429	598	3.620988	4.550565
955.997531	577944	3489.592012	3490.548009
949.184653	385572	2316.397275	2317.346460
947.328423	458	2.729646	3.676974
1090.517544	165	0.919017	2.009535
989.462806	465794	2797.201985	2798.191448
1192.439741	361	1.936627	3.129067
994.753936	64936	389.482044	390.476798
1133.339618	465629	2802.896779	2804.030118
1210.446339	192255	1166.837721	1168.048168
1466.560767	769592	4633.679773	4635.146333
1293.606013	512649	3073.840208	3075.133814
1354.059845	224196	1342.236111	1343.590171
1279.068706	288464	1739.992020	1741.271088
1390.367929	512968	3085.218354	3086.608722
1370.986193	512748	3091.630199	3093.001185
1345.742317	39	0.272074	1.617816
1454.809889	288503	1747.793185	1749.247995
