1685.064113	804402	4844.866166	4846.551230
1729.765529	804402	4850.396500	4852.126266
1850.828663	804402	4836.486214	4838.337043
1776.396970	804402	4858.177704	4859.954101
1786.687929	804402	4851.066811	4852.853499
1673.489237	804402	4845.253110	4846.926600
1797.524907	804402	4838.438304	4840.235829
1595.815510	804402	4851.767230	4853.363046
1713.750170	804402	4831.953115	4833.666865
1861.327640	804402	4852.514205	4854.375533
1753.228742	804402	4829.042052	4830.795281
1590.704649	804402	4851.858077	4853.448781
1688.393705	804402	4846.840662	4848.529055
1668.559098	804402	4822.190867	4823.859426
1587.606690	804402	4841.360225	4842.947832
1437.568961	804402	4859.537285	4860.974854
1483.822753	804402	4836.781769	4838.265591
1852.578468	804402	4849.431837	4851.284416
1656.984712	804402	4855.126095	4856.783079
1739.089477	804402	4854.293303	4856.032393
1729.551393	804402	4836.863604	4838.593156
1693.427458	804402	4840.147937	4841.841365
1641.955844	804402	4843.636777	4845.278733
1676.667037	804402	4849.407423	4851.084090
1543.929818	804402	4859.573462	4861.117392
1547.920708	804402	4834.404515	4835.952436
1627.926713	804402	4846.327360	4847.955287
1711.996805	804402	4845.764675	4847.476672
1943.746448	804402	4845.741457	4847.685204
1771.935707	804402	4860.575911	4862.347846
1637.136485	804402	4847.746653	4849.383789
1574.199110	804402	4828.783375	4830.357574
1629.354601	804402	4854.038244	4855.667598
1592.361778	804402	4830.984028	4832.576390
1481.463121	804402	4855.667720	4857.149183
1543.240148	804402	4851.666366	4853.209606
1718.411137	804402	4830.049476	4831.767887
1832.174801	804402	4849.155343	4850.987518
1743.973042	804402	4847.634944	4849.378917
1572.290460	804402	4849.558973	4851.131263
1728.297355	804402	4838.801293	4840.529590
1720.762319	804402	4843.715833	4845.436596
1618.137216	804402	4847.689066	4849.307203
1545.239704	804402	4843.379942	4844.925181
1583.984268	804402	4848.317000	4849.900985
1591.303642	804402	4854.980772	4856.572075
1752.829063	804402	4836.737769	4838.490598
1848.167550	804402	4832.799716	4834.647884
1636.466711	804402	4845.149568	4846.786035
1658.524469	804402	4860.194051	4861.852575
1616.319739	804402	4822.638265	4824.254584
1695.358030	804402	4851.115684	4852.811042
1563.508258	804402	4845.425191	4846.988699
1557.745858	804402	4832.561556	4834.119302
1579.013253	804402	4828.669649	4830.248662
1902.905546	804402	4854.132741	4856.035647
1736.945440	804402	4834.589443	4836.326388
1741.900176	804402	4851.346203	4853.088104
1763.885508	804402	4826.650727	4828.414612
1621.704023	804402	4842.512498	4844.134202
1725.172947	804402	4850.607085	4852.332258
1565.514930	804402	4833.025988	4834.591503
1483.817299	804402	4841.241108	4842.724925
1551.415450	804402	4848.953818	4850.505234
1682.074605	804402	4848.371825	4850.053900
1840.418995	804402	4846.814533	4848.654952
1902.056870	804402	4836.533823	4838.435880
1692.794440	804402	4846.215223	4847.908017
1640.697265	804402	4855.818858	4857.459555
1612.350833	804402	4845.906171	4847.518522
1686.453217	804402	4830.644525	4832.330978
1591.917299	804402	4832.195991	4833.787908
1504.079709	804402	4848.228682	4849.732761
1577.304143	804402	4849.295248	4850.872552
1718.095658	804402	4847.411606	4849.129702
1749.756133	804402	4856.531763	4858.281520
1704.726757	804402	4847.837717	4849.542444
1627.128722	804402	4843.728126	4845.355255
1594.461061	804402	4849.678544	4851.273005
1615.945822	804402	4857.438724	4859.054669
1530.689797	804402	4843.572748	4845.103438
1660.065207	804402	4845.246790	4846.906855
1670.022789	804402	4833.961037	4835.631060
1818.647447	804402	4841.899447	4843.718095
1859.197265	804402	4862.044958	4863.904155
1703.232801	804402	4838.968850	4840.672082
1697.100909	804402	4842.922310	4844.619411
1689.017334	804402	4848.966602	4850.655619
1733.872212	804402	4847.629401	4849.363273
1692.460864	804402	4847.453339	4849.145799
1606.705079	804402	4858.392029	4859.998734
1695.287496	804402	4833.394030	4835.089318
1663.294945	804402	4839.628218	4841.291513
1685.635727	804402	4847.599549	4849.285185
1939.235248	804402	4846.875702	4848.814937
1622.245900	804402	4846.924102	4848.546347
1572.389963	804402	4851.228030	4852.800420
1720.189804	804402	4837.130332	4838.850522
1598.536307	804402	4829.513583	4831.112119
1556.035629	804402	4822.904408	4824.460443
