94.860704	45884	279.608957	279.703818
72.927287	49162	296.039006	296.111933
103.640620	48977	295.894872	295.998513
99.749446	49093	297.232783	297.332532
69.583357	36902	222.606971	222.676554
96.189179	4178	23.762866	23.859055
93.128518	59334	358.870910	358.964038
73.844396	63379	383.864060	383.937904
100.695810	4129	24.441000	24.541696
96.957333	50998	306.777422	306.874379
77.533770	61966	373.693347	373.770881
129.931911	85358	513.820873	513.950804
114.846464	44739	270.701695	270.816541
90.293602	64975	389.057345	389.147639
108.831710	12204	75.584557	75.693388
112.674918	121883	731.961633	732.074308
84.884499	56867	342.601420	342.686305
110.993947	97477	588.077096	588.188089
110.721383	121825	728.808035	728.918757
132.537397	12163	73.282640	73.415178
91.815438	45874	276.105543	276.197359
101.124551	42497	258.425208	258.526333
75.514195	53246	321.378267	321.453781
98.058192	20281	122.721704	122.819762
77.670748	52974	319.353285	319.430956
88.833191	20206	122.506936	122.595769
94.468472	53339	323.530647	323.625116
76.599136	44603	270.742088	270.818687
99.605402	93725	560.076529	560.176134
95.321846	95617	574.948550	575.043872
69.710924	36898	222.443875	222.513586
91.170062	14214	85.654554	85.745724
99.556107	46967	279.907485	280.007042
74.424903	63243	379.638156	379.712581
91.610198	75315	456.672448	456.764058
99.365842	79674	480.134126	480.233492
75.843214	24359	147.158765	147.234609
97.327757	51154	307.479356	307.576683
99.993220	61240	365.195155	365.295148
80.977619	42542	258.011170	258.092147
75.907672	28000	169.411059	169.486967
56.272485	41609	251.725539	251.781812
88.212363	4367	26.058843	26.147055
59.841271	37347	223.292183	223.352025
92.906836	8435	51.283281	51.376187
61.382937	54143	325.716471	325.777854
86.384689	41805	252.970960	253.057344
59.684022	37201	225.485330	225.545014
79.062663	41781	253.022456	253.101519
61.043768	54107	325.674705	325.735749
78.903144	25972	155.578048	155.656951
62.776073	18699	110.815800	110.878576
83.573492	2159	12.951583	13.035156
94.543575	18953	113.263434	113.357978
94.340092	25455	152.836922	152.931262
89.322366	25535	150.485921	150.575244
66.939740	20509	123.224919	123.291858
91.575596	18331	108.771686	108.863262
91.276821	26654	159.366378	159.457655
73.633348	32874	198.550365	198.623999
89.608908	35921	215.899484	215.989093
63.550953	85	0.577177	0.640728
87.475946	37011	224.339179	224.426655
65.363656	24619	147.012769	147.078132
94.072348	37277	224.400663	224.494736
90.274063	16509	98.083994	98.174268
67.542568	41499	249.119156	249.186699
93.459481	53615	320.933932	321.027392
69.988427	61877	375.543035	375.613023
92.839411	38937	235.537552	235.630391
86.907427	33971	203.460093	203.547000
64.468201	37	0.266749	0.331217
86.018567	1098	6.607661	6.693680
68.659499	10755	64.401838	64.470498
91.947292	2433	14.725568	14.817516
88.162276	2463	14.168400	14.256563
70.692604	63872	386.966292	387.036985
92.574444	6336	36.914641	37.007216
75.455370	2319	14.098559	14.174015
96.020263	51431	309.598808	309.694828
82.823706	38973	234.841692	234.924515
62.510235	4117	24.686880	24.749390
92.341186	47263	284.582202	284.674543
66.924634	47389	281.997227	282.064152
88.609823	32911	200.596853	200.685463
67.044393	47267	280.618107	280.685151
83.214145	47159	286.896322	286.979536
83.067112	14507	88.218083	88.301151
68.820962	4151	25.070644	25.139465
91.777324	75815	454.155684	454.247461
62.364574	34975	210.159031	210.221396
91.936806	24	0.201180	0.293117
64.330706	12852	76.450673	76.515004
87.816593	35502	213.976831	214.064647
81.501591	4344	26.428158	26.509660
66.750038	51795	308.686620	308.753370
88.664727	20881	126.034221	126.122886
67.795139	111	0.541164	0.608959
92.571020	51668	312.588025	312.680596
86.431501	31301	187.423406	187.509838
