12.966062	4002	24.588506	24.601472
15.316176	4002	24.039942	24.055258
12.741447	4002	23.541114	23.553855
14.790141	4002	24.109817	24.124607
13.188489	4002	23.859168	23.872357
15.186138	4002	23.738156	23.753342
13.157620	4002	24.057282	24.070440
63.596666	4002	23.544321	23.607917
13.188032	4002	24.243643	24.256831
14.722809	4002	24.365391	24.380113
15.061308	4002	22.944890	22.959951
16.500717	4002	24.654927	24.671428
15.149791	4002	23.293860	23.309010
15.391281	4002	25.414044	25.429435
12.999280	4002	23.601798	23.614797
14.982747	4002	24.175460	24.190442
14.157527	4002	24.415460	24.429618
15.899838	4002	24.059173	24.075072
13.534380	4002	24.611298	24.624833
15.272239	4002	23.553439	23.568712
62.878983	4002	24.798670	24.861549
15.927858	4002	24.575126	24.591054
13.316104	4002	23.606072	23.619388
14.354234	4002	23.340730	23.355084
12.606055	4002	23.879391	23.891997
15.052351	4002	25.624749	25.639801
12.881078	4002	23.422173	23.435054
14.936709	4002	23.641188	23.656125
13.108302	4002	23.081855	23.094963
14.826694	4002	23.988699	24.003526
13.318845	4002	24.661520	24.674839
14.667264	4002	23.505237	23.519904
13.356959	4002	24.916428	24.929785
75.853845	4002	23.383906	23.459760
12.950168	4002	23.620669	23.633619
14.396922	4002	23.914095	23.928492
13.266451	4002	24.138381	24.151648
15.557820	4002	24.750573	24.766131
13.388345	4002	24.331500	24.344888
14.876893	4002	24.843230	24.858107
13.152693	4002	24.601114	24.614266
15.422417	4002	23.431161	23.446583
14.502665	4002	24.469212	24.483714
14.814156	4002	24.231865	24.246679
13.160322	4002	24.380633	24.393794
13.849797	4002	24.197866	24.211716
67.094168	4002	24.674451	24.741545
14.829344	4002	24.862247	24.877077
12.958885	4002	24.557953	24.570912
13.886484	4002	25.032247	25.046134
12.334923	4002	23.774922	23.787257
14.344526	4002	22.370943	22.385288
12.830208	4002	24.548596	24.561426
14.726536	4002	23.918993	23.933720
12.774796	4002	23.131412	23.144187
13.923855	4002	23.346308	23.360232
12.891295	4002	23.084064	23.096955
14.450821	4002	24.352325	24.366776
12.826625	4002	22.737928	22.750755
64.682895	4002	23.599868	23.664550
13.090035	4002	23.150370	23.163460
14.175020	4002	22.475281	22.489456
12.716542	4002	24.871856	24.884573
13.996089	4002	24.329735	24.343732
12.675954	4002	23.982544	23.995220
14.119256	4002	23.549057	23.563176
12.881634	4002	24.516034	24.528916
14.144155	4002	23.229362	23.243507
12.706858	4002	24.002499	24.015206
14.096209	4002	24.276672	24.290768
13.024429	4002	24.293766	24.306790
14.359704	4002	24.303660	24.318020
65.286933	4002	25.620554	25.685841
15.038585	4002	23.514667	23.529705
12.134201	4002	24.489741	24.501875
14.560036	4002	25.726166	25.740726
12.323506	4002	24.675997	24.688320
15.023598	4002	25.164269	25.179292
12.640039	4002	24.605775	24.618415
14.404246	4002	23.389349	23.403754
12.513477	4002	24.426977	24.439490
14.345951	4002	23.401059	23.415405
12.899367	4002	24.830165	24.843064
14.842046	4002	23.891786	23.906628
12.736880	4002	23.229397	23.242134
66.106863	4002	25.119796	25.185903
12.487070	4002	23.561403	23.573890
15.049521	4002	24.461880	24.476930
13.318450	4002	23.692916	23.706235
14.733800	4002	23.504410	23.519144
13.036427	4002	24.819887	24.832924
15.185608	4002	22.944445	22.959631
12.955430	4002	24.217175	24.230130
13.815567	4002	24.451820	24.465636
12.366236	4002	23.983448	23.995815
15.265404	4002	24.115672	24.130937
12.839655	4002	23.895620	23.908460
14.160557	4002	23.832978	23.847138
58.844302	4002	24.324982	24.383826
14.964651	4002	23.138271	23.153236
