0.188320	1	0.003730	0.003918
0.050372	1	0.004363	0.004414
0.050057	1	0.005391	0.005441
0.049492	1	0.004374	0.004424
0.048724	1	0.003309	0.003358
0.049227	1	0.005271	0.005320
0.049428	1	0.003159	0.003208
0.049269	1	0.003159	0.003208
0.049745	1	0.003315	0.003365
0.049503	1	0.003735	0.003784
0.111567	1	0.003132	0.003243
0.051678	1	0.006275	0.006326
0.050914	1	0.003818	0.003869
0.050737	1	0.004363	0.004414
0.050312	1	0.002931	0.002981
0.051119	1	0.003989	0.004041
0.050495	1	0.002691	0.002741
0.054916	1	0.008625	0.008680
0.051124	1	0.002929	0.002980
0.050120	1	0.002892	0.002942
0.110362	1	0.003474	0.003584
0.050035	1	0.003796	0.003846
0.049354	1	0.006275	0.006324
0.052144	1	0.003061	0.003113
0.049221	1	0.003863	0.003912
0.049532	1	0.020797	0.020846
0.049741	1	0.005662	0.005711
0.049050	1	0.003735	0.003784
0.048780	1	0.003227	0.003276
0.049080	1	0.003661	0.003710
0.097106	1	0.003227	0.003324
0.050992	1	0.006512	0.006563
0.050035	1	0.007407	0.007457
0.050320	1	0.005298	0.005348
0.049828	1	0.003274	0.003324
0.050366	1	0.003736	0.003787
0.049747	1	0.002990	0.003039
0.049147	1	0.003419	0.003468
0.053786	1	0.003338	0.003391
0.051885	1	0.005682	0.005734
0.093150	1	0.004096	0.004189
0.050231	1	0.003758	0.003808
0.049725	1	0.003041	0.003090
0.049098	1	0.007407	0.007456
0.050107	1	0.003381	0.003431
0.049175	1	0.006512	0.006561
0.052327	1	0.003419	0.003471
0.049249	1	0.004184	0.004233
0.049083	1	0.003791	0.003840
0.049501	1	0.005662	0.005711
0.117844	1	0.003781	0.003899
0.085115	1	0.004073	0.004158
0.090194	1	0.002855	0.002945
0.087085	1	0.002744	0.002832
0.085062	1	0.003425	0.003510
0.084976	1	0.003712	0.003797
0.085399	1	0.006512	0.006598
0.106592	1	0.003154	0.003260
0.086432	1	0.004453	0.004540
0.059251	1	0.002983	0.003042
0.100420	1	0.003132	0.003232
0.050705	1	0.005662	0.005712
0.050142	1	0.003876	0.003927
0.049984	1	0.003474	0.003524
0.050560	1	0.003736	0.003787
0.050069	1	0.006063	0.006113
0.050205	1	0.004594	0.004644
0.049877	1	0.004179	0.004229
0.049751	1	0.002972	0.003022
0.049532	1	0.005682	0.005731
0.124130	1	0.046311	0.046435
0.051547	1	0.003696	0.003747
0.051562	1	0.003818	0.003869
0.052569	1	0.016468	0.016521
0.052087	1	0.005262	0.005314
0.052656	1	0.002642	0.002694
0.054492	1	0.002642	0.002696
0.052900	1	0.004946	0.004999
0.052715	1	0.004598	0.004651
0.052357	1	0.002952	0.003005
0.106039	1	0.048429	0.048535
0.050966	1	0.004073	0.004124
0.050120	1	0.003013	0.003063
0.050746	1	0.003132	0.003182
0.050480	1	0.003301	0.003352
0.052271	1	0.005298	0.005350
0.050344	1	0.003301	0.003352
0.050953	1	0.004946	0.004997
0.051032	1	0.004407	0.004458
0.050195	1	0.002750	0.002800
0.126585	1	0.003699	0.003825
0.052878	1	0.004214	0.004267
0.052539	1	0.082097	0.082149
0.051123	1	0.003943	0.003994
0.052132	1	0.004912	0.004964
0.051893	1	0.007055	0.007107
0.052053	1	0.005682	0.005734
0.051458	1	0.003406	0.003457
0.051527	1	0.003633	0.003685
0.053625	1	0.003255	0.003308
