16.622771	13022	79.916069	79.932692
17.451957	13254	79.894724	79.912176
38.421392	13069	79.209072	79.247494
17.072348	13185	78.489283	78.506355
17.013785	9948	61.035609	61.052623
16.755891	1131	7.577811	7.594567
16.969970	15947	98.508921	98.525891
17.853839	16992	101.163339	101.181193
36.437862	1083	5.814814	5.851252
17.546365	13611	81.505232	81.522778
18.330678	16924	102.099187	102.117518
51.512575	22274	134.715041	134.766554
18.914760	11617	70.653608	70.672522
20.244442	16893	100.417106	100.437351
20.031943	3243	21.050186	21.070218
28.189348	31797	190.950706	190.978896
22.611208	14783	87.260822	87.283433
47.535330	25391	154.537589	154.585124
21.357739	31739	190.585737	190.607094
22.058831	3203	19.062087	19.084146
29.206071	12924	77.811452	77.840658
16.963292	11019	67.452466	67.469430
17.866738	14283	86.885626	86.903492
17.880418	5345	31.646457	31.664337
17.878875	14019	84.127618	84.145497
17.902104	5275	30.355283	30.373185
36.175732	14369	88.190560	88.226735
18.086399	11657	71.179493	71.197579
18.817539	24901	151.237353	151.256170
19.223787	25331	151.778321	151.797545
16.764194	10688	64.665449	64.682213
17.175386	3772	22.622808	22.639983
17.756602	12569	75.696241	75.713997
17.811645	16839	101.705897	101.723709
18.036651	19965	120.659338	120.677375
45.033290	21259	129.066669	129.111702
17.757387	6333	37.705628	37.723386
24.526094	13697	82.898146	82.922672
19.268693	16306	98.197178	98.216447
19.253664	11042	65.849141	65.868395
12.959870	8461	49.363409	49.376369
13.121837	11521	69.625896	69.639018
12.991819	1331	8.033054	8.046046
13.466227	10271	62.437842	62.451309
13.469351	2389	14.769652	14.783121
13.917067	15065	90.311505	90.325422
36.570858	11717	70.265582	70.302153
13.949826	10125	60.340019	60.353968
14.387455	11693	70.431914	70.446302
14.609461	15029	90.034811	90.049421
36.965537	7945	46.680658	46.717624
15.583081	5149	31.125304	31.140887
15.525299	611	4.332107	4.347632
15.764797	5403	32.994447	33.010211
15.794913	7411	44.896992	44.912787
15.957981	7491	47.024216	47.040174
31.286592	5449	32.690013	32.721300
16.271107	4781	27.695577	27.711848
16.888266	7084	43.623256	43.640144
17.375407	8814	51.641508	51.658883
17.686541	10424	64.654310	64.671997
14.997091	85	0.466914	0.481911
15.702324	10017	61.033479	61.049182
15.706780	6619	40.070009	40.085715
15.961029	10283	60.983752	60.999713
16.159262	4509	25.846594	25.862753
36.468373	11499	70.462410	70.498878
16.492054	14621	87.782691	87.799183
16.632380	16883	103.274761	103.291394
17.122170	10446	63.716388	63.733510
20.803024	9889	59.987572	60.008375
15.536634	37	0.143010	0.158546
15.885730	368	2.268005	2.283891
16.297052	3291	18.690328	18.706625
16.485650	973	5.807486	5.823971
16.511344	1003	6.128960	6.145471
46.898978	17248	103.669388	103.716287
16.930154	1876	11.718528	11.735458
17.668692	859	5.037505	5.055174
18.233683	13807	82.823853	82.842086
15.435873	11127	66.532613	66.548049
14.884576	1183	6.616111	6.630995
15.624211	12769	76.623861	76.639485
15.704332	12895	75.036680	75.052385
15.776212	9043	53.747810	53.763586
15.983977	12773	75.783625	75.799609
34.300578	12665	75.540202	75.574503
17.730900	4040	25.751725	25.769456
16.564783	1217	6.519697	6.536261
17.144344	20123	121.771542	121.788687
39.129302	10193	62.290758	62.329887
15.047141	23	0.095669	0.110716
15.372694	3799	22.718242	22.733615
15.703885	9947	58.952107	58.967811
15.665936	1307	7.104877	7.120543
16.034881	14231	87.031689	87.047724
35.407890	5823	35.322955	35.358363
17.322812	109	1.003397	1.020720
16.708886	14107	82.500218	82.516927
16.912997	8769	54.843025	54.859938
