0.595364	1	0.004214	0.004809
0.190052	1	0.003723	0.003913
0.123288	1	0.003937	0.004060
0.108821	1	0.003829	0.003938
0.109351	1	0.005170	0.005279
0.109839	1	0.002929	0.003039
0.108450	1	0.003354	0.003462
0.114189	1	0.005682	0.005796
0.109339	1	0.003274	0.003383
0.114936	1	0.004350	0.004465
0.368035	1	0.007407	0.007775
0.103145	1	0.002713	0.002816
0.101898	1	0.004453	0.004555
0.101115	1	0.005832	0.005933
0.101580	1	0.003254	0.003356
0.169407	1	0.002739	0.002908
0.106779	1	0.003781	0.003888
0.107512	1	0.003425	0.003532
0.106639	1	0.003328	0.003434
0.102086	1	0.006700	0.006802
0.376447	1	0.005277	0.005653
0.157050	1	0.003255	0.003412
0.154311	1	0.003820	0.003974
0.187236	1	0.003162	0.003350
0.132000	1	0.004129	0.004261
0.108877	1	0.005262	0.005371
0.109191	1	0.003939	0.004049
0.110678	1	0.002855	0.002966
0.110991	1	0.017445	0.017556
0.108797	1	0.003230	0.003339
0.246164	1	0.003750	0.003996
0.107462	1	0.028880	0.028987
0.105400	1	0.003474	0.003579
0.113140	1	0.005891	0.006004
0.105203	1	0.004588	0.004693
0.104966	1	0.005277	0.005382
0.118135	1	0.003061	0.003179
0.105825	1	0.003735	0.003840
0.104983	1	0.004096	0.004201
0.107497	1	0.002642	0.002749
0.277351	1	0.002713	0.002990
0.105793	1	0.002983	0.003089
0.119866	1	0.003203	0.003323
0.105846	1	0.003758	0.003864
0.105568	1	0.003750	0.003855
0.106487	1	0.003656	0.003762
0.105422	1	0.003943	0.004049
0.104833	1	0.006700	0.006805
0.105878	1	0.002931	0.003037
0.115160	1	0.004594	0.004709
0.234638	1	0.002723	0.002957
0.103641	1	0.057348	0.057452
0.103232	1	0.003736	0.003840
0.102569	1	0.082097	0.082200
0.102134	1	0.008625	0.008727
0.103050	1	0.004073	0.004176
0.102973	1	0.004214	0.004317
0.103423	1	0.004214	0.004317
0.104520	1	0.003601	0.003705
0.102612	1	0.003633	0.003736
0.322523	1	0.002713	0.003035
0.109050	1	0.003316	0.003425
0.109835	1	0.004946	0.005056
0.108427	1	0.004363	0.004472
0.108688	1	0.004106	0.004214
0.109186	1	0.004629	0.004738
0.109141	1	0.006798	0.006907
0.109192	1	0.009338	0.009447
0.111381	1	0.002983	0.003094
0.108905	1	0.004082	0.004190
0.473422	1	0.005271	0.005744
0.165320	1	0.005513	0.005678
0.162881	1	0.003431	0.003594
0.161144	1	0.057348	0.057509
0.163096	1	0.082097	0.082260
0.162609	1	0.002972	0.003135
0.163922	1	0.002750	0.002913
0.161407	1	0.004946	0.005108
0.162279	1	0.007055	0.007218
0.163792	1	0.004265	0.004428
0.253850	1	0.003328	0.003581
0.104141	1	0.002831	0.002935
0.103798	1	0.004588	0.004692
0.104106	1	0.003013	0.003117
0.103750	1	0.003818	0.003921
0.103798	1	0.002981	0.003085
0.102780	1	0.004179	0.004282
0.104199	1	0.003989	0.004094
0.103311	1	0.002747	0.002850
0.105794	1	0.003939	0.004045
0.354197	1	0.003255	0.003609
0.111189	1	0.057348	0.057460
0.109847	1	0.003474	0.003584
0.120353	1	0.003411	0.003531
0.110380	1	0.003218	0.003328
0.110866	1	0.003445	0.003556
0.111759	1	0.002691	0.002802
0.110906	1	0.004445	0.004556
0.112922	1	0.004594	0.004707
0.111250	1	0.002952	0.003064
