103.098258	32002	192.154766	192.257864
110.972612	32002	192.528085	192.639058
121.353898	32002	192.640044	192.761398
90.398021	32002	191.994826	192.085224
94.234298	32002	192.308166	192.402400
95.473821	32002	191.812918	191.908392
117.985492	32002	195.975922	196.093908
328.346541	32002	190.466120	190.794467
106.514902	32002	193.126647	193.233162
125.433949	32002	192.100993	192.226427
107.788831	32002	194.300417	194.408206
91.503216	32002	194.814343	194.905846
104.146692	32002	190.289604	190.393751
111.659635	32002	193.690716	193.802376
95.558882	32002	193.595241	193.690800
107.182986	32002	193.333158	193.440341
102.375536	32002	188.518011	188.620387
103.441034	32002	192.662467	192.765908
101.229931	32002	193.591715	193.692945
118.487603	32002	189.170675	189.289163
343.874019	32002	191.127363	191.471237
114.710718	32002	196.367029	196.481740
96.222402	32002	190.336365	190.432588
111.487084	32002	192.923327	193.034814
98.475717	32002	192.473966	192.572441
119.935087	32002	191.607313	191.727248
114.794665	32002	193.393879	193.508674
98.439788	32002	193.754756	193.853196
105.789166	32002	191.954019	192.059809
91.558736	32002	189.980048	190.071607
95.370059	32002	190.918456	191.013826
415.155385	32002	197.667473	198.082629
115.092598	32002	191.929036	192.044128
106.298678	32002	191.206171	191.312470
109.565147	32002	192.167645	192.277211
95.065607	32002	191.170739	191.265805
109.850523	32002	194.204823	194.314674
107.969257	32002	193.009704	193.117673
104.852162	32002	194.229974	194.334826
111.044821	32002	192.634317	192.745362
100.344731	32002	192.241623	192.341967
103.200218	32002	192.751450	192.854651
346.308532	32002	193.511608	193.857916
101.797025	32002	192.056283	192.158080
101.186482	32002	190.860192	190.961378
124.211150	32002	189.404898	189.529110
113.240796	32002	193.470380	193.583621
90.420063	32002	192.248804	192.339224
97.830331	32002	191.649167	191.746997
91.407084	32002	193.955132	194.046539
107.517804	32002	191.167033	191.274551
96.911377	32002	192.268817	192.365728
117.975195	32002	193.275310	193.393285
412.264053	32002	191.867624	192.279888
111.980216	32002	189.610432	189.722412
108.164827	32002	194.756263	194.864428
116.086659	32002	192.374060	192.490146
91.803635	32002	196.031783	196.123586
101.612701	32002	193.386146	193.487759
98.415460	32002	195.065627	195.164042
94.052669	32002	194.780723	194.874776
104.770123	32002	189.358701	189.463471
105.289730	32002	190.252674	190.357964
120.187286	32002	193.174728	193.294916
327.419524	32002	193.351836	193.679256
107.423811	32002	193.104850	193.212274
115.636677	32002	191.576704	191.692340
113.231077	32002	192.175367	192.288598
103.447514	32002	192.107483	192.210930
94.642560	32002	193.597542	193.692185
102.086626	32002	191.605535	191.707621
101.104494	32002	192.736696	192.837800
110.531885	32002	191.103148	191.213680
99.071233	32002	189.946459	190.045530
115.622410	32002	193.010624	193.126247
315.663832	32002	191.924271	192.239935
103.865475	32002	192.845277	192.949142
440.411613	32002	196.049723	196.490134
93.687937	32002	197.089614	197.183302
99.552280	32002	196.217908	196.317461
98.965793	32002	192.850638	192.949603
98.299700	32002	188.073533	188.171833
94.389129	32002	191.314362	191.408752
108.773310	32002	191.867921	191.976694
95.752920	32002	194.277942	194.373695
109.723367	32002	194.690312	194.800035
364.192017	32002	191.193175	191.557367
108.103577	32002	193.241094	193.349197
110.762590	32002	196.636120	196.746883
122.817871	32002	193.156283	193.279101
104.879413	32002	190.984442	191.089321
92.354841	32002	192.549346	192.641701
102.026149	32002	195.464858	195.566884
95.057903	32002	192.907094	193.002152
101.722558	32002	189.271818	189.373540
99.461125	32002	193.664129	193.763590
110.526455	32002	186.855659	186.966185
358.630168	32002	193.187936	193.546566
105.783339	32002	189.341382	189.447165
111.401082	32002	193.126815	193.238216
