174.432245	3001	19.062117	19.236550
163.240730	2001	12.033498	12.196739
180.432618	2003	11.651266	11.831699
167.636585	2005	12.285774	12.453411
173.406932	2007	11.968293	12.141700
157.686586	2009	12.589397	12.747084
179.213816	2011	12.495897	12.675111
208.804161	2013	11.092067	11.300871
157.025250	2015	11.577136	11.734161
176.426616	2017	12.223620	12.400047
153.550213	3001	18.659504	18.813054
184.340387	2001	12.240168	12.424508
165.773613	2003	12.920800	13.086574
168.214736	2005	11.652236	11.820451
159.565962	2007	11.890513	12.050079
163.341904	2009	12.353653	12.516995
181.131891	2011	13.254124	13.435256
158.801355	2013	12.021564	12.180365
183.194842	2015	12.780981	12.964176
165.380307	2017	12.278274	12.443654
183.804401	3001	18.903404	19.087208
168.075259	2001	11.841764	12.009839
173.920042	2003	12.267525	12.441445
155.599633	2005	12.000266	12.155865
151.240306	2007	12.109182	12.260422
176.809279	2009	12.817460	12.994269
165.620968	2011	11.921991	12.087612
189.990147	2013	11.610199	11.800189
150.681366	2015	12.187153	12.337834
184.776366	2017	11.818394	12.003171
156.847253	3001	17.500573	17.657420
189.354964	2001	12.424962	12.614317
177.950861	2003	11.901671	12.079622
183.614783	2005	12.782406	12.966021
170.336711	2007	12.107030	12.277366
166.688257	2009	13.228727	13.395416
182.300874	2011	12.304229	12.486530
169.055001	2013	11.902765	12.071820
186.690973	2015	12.135018	12.321709
163.131306	2017	12.851076	13.014207
187.942194	3001	17.492072	17.680014
164.565548	2001	11.581769	11.746335
172.946715	2003	12.306056	12.479002
164.574903	2005	11.598200	11.762775
164.210476	2007	11.636347	11.800558
187.506676	2009	11.715222	11.902729
164.624593	2011	11.334204	11.498829
170.383310	2013	11.267884	11.438268
162.831471	2015	12.543509	12.706340
178.050455	2017	11.509135	11.687185
163.515780	3001	17.958582	18.122098
188.740746	2001	12.327445	12.516186
178.983662	2003	11.677562	11.856546
190.337325	2005	12.340160	12.530498
174.354941	2007	11.672318	11.846673
165.178086	2009	11.777266	11.942444
199.071864	2011	12.614965	12.814037
176.885646	2013	12.421785	12.598671
189.634776	2015	11.591051	11.780685
166.036327	2017	12.348832	12.514868
176.815414	3001	18.192926	18.369742
164.372339	2001	12.767859	12.932231
186.292032	2003	12.110641	12.296933
167.994448	2005	12.714897	12.882891
174.975202	2007	11.810767	11.985742
183.089846	2009	13.138750	13.321839
170.879638	2011	12.728584	12.899464
186.542367	2013	11.861936	12.048478
163.225713	2015	12.484192	12.647417
188.234908	2017	12.251389	12.439624
165.082745	3001	18.667689	18.832772
185.573769	2001	13.385716	13.571290
154.064383	2003	11.977463	12.131527
145.671399	2005	11.882711	12.028382
200.687248	2007	12.477481	12.678168
164.040229	2009	12.122174	12.286214
188.943996	2011	12.883351	13.072295
160.774707	2013	11.778850	11.939624
186.013193	2015	12.517579	12.703593
158.875995	2017	11.786242	11.945118
183.772033	3001	17.577263	17.761035
154.857572	2001	12.312129	12.466986
165.636120	2003	11.524685	11.690321
166.556531	2005	11.834800	12.001356
150.211139	2007	12.217161	12.367372
164.968277	2009	11.527848	11.692816
163.972283	2011	12.146293	12.310265
177.063794	2013	12.800127	12.977191
167.766757	2015	12.922750	13.090517
182.211369	2017	12.621945	12.804156
154.216458	3001	18.267264	18.421481
174.204085	2001	12.128388	12.302592
151.895790	2003	11.650084	11.801979
167.691398	2005	11.534192	11.701883
185.230120	2007	11.870740	12.055971
154.499836	2009	12.247524	12.402024
175.471859	2011	11.633479	11.808950
154.135355	2013	12.192278	12.346414
180.422686	2015	11.405475	11.585898
165.296529	2017	11.860761	12.026057
