4.526153	2000	11.954747	11.959273
0.031303	2	0.013844	0.013876
0.013505	1	0.003712	0.003725
0.011669	1	0.003041	0.003052
0.013655	2	0.008474	0.008487
0.012057	1	0.003490	0.003502
1.768675	993	5.799455	5.801223
3.063834	1008	5.983868	5.986932
0.025938	1	0.004946	0.004972
2.380418	993	5.993254	5.995634
2.427705	986	5.568360	5.570787
3.859330	2000	12.128640	12.132499
0.035145	1	0.003723	0.003758
0.014752	1	0.013419	0.013434
0.013553	1	0.002952	0.002966
0.013004	1	0.002757	0.002770
0.014201	1	0.003218	0.003232
0.012828	1	0.003871	0.003884
0.013099	1	0.003419	0.003432
0.013478	1	0.002712	0.002725
0.014354	1	0.003061	0.003075
2.812879	1002	6.321699	6.324512
0.019831	1	0.005891	0.005911
0.011042	1	0.003730	0.003741
0.010840	1	0.003378	0.003388
0.010365	1	0.002747	0.002757
0.009883	1	0.006575	0.006584
0.011249	1	0.003061	0.003072
0.010339	1	0.003237	0.003247
2.344485	1002	6.018670	6.021015
0.017357	2	0.008494	0.008511
4.722770	2000	12.539126	12.543849
0.028608	1	0.004080	0.004109
0.014330	1	0.003656	0.003670
0.012212	1	0.003696	0.003708
0.015404	2	0.006742	0.006757
1.311105	963	6.208002	6.209313
0.019163	2	0.006498	0.006517
1.860873	1038	6.183871	6.185731
4.153881	2000	11.780721	11.784875
0.014337	1	0.003937	0.003951
0.010205	1	0.004946	0.004957
0.012155	1	0.005117	0.005129
0.012084	1	0.005489	0.005501
0.010923	1	0.046311	0.046322
0.008856	1	0.003610	0.003619
0.009990	1	0.003758	0.003768
0.011274	1	0.005298	0.005309
0.011070	1	0.003280	0.003292
0.011139	1	0.003735	0.003746
0.013872	1	0.005391	0.005405
0.009836	1	0.003423	0.003433
0.012179	1	0.002983	0.002995
0.011078	1	0.004265	0.004276
0.011718	1	0.002929	0.002941
0.011892	1	0.002712	0.002723
2.029237	1034	6.129579	6.131608
0.021330	1	0.002972	0.002994
3.131661	2000	13.132147	13.135278
1.183116	967	5.191739	5.192922
0.014490	1	0.003274	0.003288
0.012841	1	0.003284	0.003297
0.012032	1	0.003511	0.003523
0.011173	1	0.002967	0.002978
0.010685	1	0.005682	0.005693
0.012502	1	0.004946	0.004959
0.010915	1	0.003154	0.003165
0.008743	1	0.003254	0.003263
0.010475	1	0.004445	0.004455
1.942538	1010	6.133249	6.135191
0.016780	1	0.005891	0.005908
0.013227	1	0.004265	0.004278
0.925608	498	2.980363	2.981288
0.018829	1	0.003013	0.003031
0.008928	1	0.003245	0.003254
0.010712	1	0.003979	0.003990
3.322419	2000	12.721435	12.724757
2.719858	2000	12.527838	12.530558
0.037117	1	0.005277	0.005314
0.013826	1	0.003016	0.003030
1.927021	1002	5.460216	5.462144
0.021322	1	0.004082	0.004103
0.011653	1	0.003311	0.003323
0.011808	1	0.003422	0.003434
0.011133	1	0.003159	0.003170
0.011973	1	0.003338	0.003350
0.011702	1	0.003309	0.003321
1.939593	999	5.780708	5.782647
0.021501	1	0.004588	0.004609
0.013087	1	0.003411	0.003424
0.023882	1	0.004594	0.004618
0.022188	1	0.003311	0.003333
0.022085	1	0.004129	0.004151
0.021150	1	0.002750	0.002771
0.022002	1	0.003041	0.003063
0.022656	1	0.003338	0.003360
0.022391	1	0.002750	0.002772
0.021415	1	0.057348	0.057370
0.019796	1	0.005170	0.005190
0.021576	1	0.003656	0.003677
