22.852055	16000	95.609736	95.632588
28.259284	2	0.006812	0.035072
6.873089	1	0.022622	0.029495
5.606864	1	0.005277	0.010884
5.608725	2	0.005725	0.011334
5.438236	2	0.009973	0.015411
14.175975	7948	47.623706	47.637882
15.114116	8053	48.185951	48.201065
6.407607	1	0.003255	0.009662
14.569376	7948	47.269554	47.284123
16.982706	7891	48.050184	48.067167
53.598881	16000	97.121430	97.175029
9.225113	1	0.005271	0.014496
7.039324	1	0.005662	0.012701
6.862788	2	0.023918	0.030781
6.708666	1	0.003381	0.010089
6.782585	2	0.007962	0.014745
6.734108	1	0.004842	0.011576
6.770059	1	0.003284	0.010054
6.895313	1	0.016497	0.023393
9.032407	1	0.004629	0.013661
15.941711	8085	49.544553	49.560495
7.253735	3	0.012257	0.019511
6.799877	2	0.006333	0.013133
6.649873	2	0.007113	0.013763
6.554917	2	0.006434	0.012989
6.614266	2	0.006543	0.013157
6.541712	1	0.016468	0.023010
6.514979	1	0.002929	0.009444
15.868355	8085	49.233129	49.248998
7.850465	3	0.015154	0.023004
29.027896	16000	95.214191	95.243219
7.674401	1	0.003781	0.011456
6.943181	1	0.003803	0.010747
6.799227	1	0.003284	0.010083
6.833969	2	0.009297	0.016131
18.822789	7976	48.827134	48.845957
7.418399	2	0.006865	0.014283
15.745030	8025	48.702571	48.718316
23.379629	16000	95.888970	95.912350
7.846731	2	0.008011	0.015858
7.155767	1	0.002739	0.009895
6.859974	1	0.004073	0.010933
6.789978	1	0.003939	0.010729
6.739977	2	0.008492	0.015232
6.759483	2	0.006354	0.013114
6.759073	3	0.021395	0.028154
6.793428	1	0.003016	0.009809
6.706994	1	0.003201	0.009908
6.781080	2	0.006337	0.013118
7.695663	2	0.006855	0.014551
6.721894	2	0.006309	0.013031
6.709462	2	0.006811	0.013521
6.562023	2	0.008081	0.014643
6.620673	1	0.004080	0.010701
6.591147	2	0.006006	0.012597
14.852485	8001	48.122478	48.137330
7.165639	2	0.008700	0.015866
27.601775	16000	95.958664	95.986266
18.766492	8000	48.160632	48.179398
7.972089	2	0.008189	0.016161
7.107236	1	0.003338	0.010445
6.928611	1	0.003399	0.010328
6.834135	1	0.006575	0.013409
6.772882	1	0.003781	0.010554
6.868083	1	0.009338	0.016206
6.732495	1	0.005170	0.011902
6.705943	1	0.002831	0.009537
6.749352	2	0.006897	0.013647
16.224975	7988	49.812331	49.828556
7.867868	1	0.048429	0.056297
6.947710	2	0.052220	0.059168
11.719656	4145	24.763193	24.774912
7.111369	1	0.003227	0.010338
33.273742	2	0.006832	0.040106
9.191524	1	0.003309	0.012501
23.729389	16000	97.898546	97.922275
23.570991	16000	98.016961	98.040532
7.550788	1	0.003245	0.010796
6.857808	2	0.006147	0.013005
16.463504	8093	48.922529	48.938992
7.427174	2	0.006508	0.013936
6.938354	2	0.007307	0.014245
6.932642	1	0.003406	0.010338
6.810192	2	0.012659	0.019469
6.826645	2	0.008582	0.015409
6.684742	1	0.003989	0.010674
15.787046	7908	48.657721	48.673508
7.341925	1	0.002929	0.010271
6.834290	2	0.085608	0.092443
7.738271	2	0.006122	0.013860
6.789798	2	0.009084	0.015873
6.635054	2	0.005437	0.012072
6.652037	2	0.008393	0.015045
6.600981	2	0.007873	0.014474
6.664007	3	0.011206	0.017870
6.665088	1	0.003372	0.010037
6.580297	2	0.008198	0.014778
6.575453	2	0.007054	0.013629
6.677392	1	0.003411	0.010088
