44.354311	32000	193.821168	193.865523
13.623103	3	0.010967	0.024590
13.498090	3	0.009608	0.023106
13.545035	1	0.005262	0.018807
14.175012	3	0.010093	0.024268
14.110957	2	0.008275	0.022386
78.345068	15942	95.251946	95.330291
31.444248	16059	99.219098	99.250543
13.911135	3	0.010896	0.024807
29.919898	15942	97.616274	97.646194
33.206266	15866	94.381111	94.414318
47.160330	32000	194.354918	194.402078
15.651513	1	0.003255	0.018906
15.623369	2	0.060087	0.075711
15.667022	2	0.007192	0.022859
15.443277	1	0.003490	0.018933
15.176231	2	0.006533	0.021710
54.643691	1	0.003417	0.058061
15.224943	1	0.003930	0.019155
14.954233	1	0.028880	0.043834
15.515598	1	0.022622	0.038137
33.130818	16050	99.884674	99.917804
15.106418	3	0.008714	0.023820
15.008314	2	0.008914	0.023923
43.790820	3	0.010470	0.054260
18.003062	2	0.007878	0.025881
15.003016	2	0.013701	0.028704
14.947951	1	0.004374	0.019322
14.910712	1	0.004350	0.019261
32.163061	16050	94.962105	94.994268
15.458410	3	0.026117	0.041575
57.515969	32000	190.890121	190.947637
15.344612	1	0.003799	0.019144
15.154346	2	0.006262	0.021416
15.104227	1	0.003246	0.018351
15.227189	2	0.006228	0.021455
39.805444	16007	93.771710	93.811515
15.209123	2	0.005700	0.020909
32.135733	15994	96.009320	96.041456
111.567366	32000	191.603914	191.715481
15.165099	2	0.005999	0.021164
14.952145	1	0.003016	0.017968
14.877880	1	0.003829	0.018707
14.868682	1	0.005891	0.020760
14.995538	2	0.019651	0.034647
15.159965	2	0.008173	0.023333
14.960583	3	0.014157	0.029117
14.916483	1	0.008775	0.023691
14.875402	2	0.006785	0.021660
14.877896	2	0.007510	0.022388
43.724083	2	0.026277	0.070001
14.988050	2	0.006736	0.021725
15.035538	2	0.006611	0.021647
15.217959	2	0.060770	0.075988
15.433018	2	0.010831	0.026264
15.131243	2	0.007437	0.022568
32.371705	16007	97.443457	97.475829
15.162017	2	0.060664	0.075826
55.405226	32000	190.534570	190.589975
43.192474	15994	94.490430	94.533623
14.107309	2	0.005594	0.019701
13.851516	1	0.005662	0.019513
13.967825	2	0.020823	0.034790
14.378221	1	0.005117	0.019495
14.490794	2	0.007102	0.021593
37.337032	2	0.007800	0.045137
14.641075	1	0.003939	0.018580
13.696794	1	0.003528	0.017224
14.084052	2	0.023536	0.037620
30.160682	15939	94.544351	94.574512
14.031699	1	0.003121	0.017153
13.666176	2	0.009161	0.022827
23.100097	8149	49.137282	49.160382
14.136713	1	0.003245	0.017382
13.849003	2	0.019354	0.033203
13.716677	1	0.003750	0.017467
44.446561	32000	191.861368	191.905814
46.889631	32000	195.357252	195.404142
58.526165	1	0.002750	0.061276
14.876183	3	0.009427	0.024303
30.908348	16001	96.899116	96.930024
13.880282	2	0.006542	0.020423
13.794901	2	0.010071	0.023866
13.814668	2	0.008773	0.022588
13.932436	2	0.008228	0.022161
14.098579	2	0.009060	0.023159
13.809481	1	0.003372	0.017182
30.001412	16000	95.975894	96.005895
48.324885	1	0.004082	0.052406
14.109582	2	0.006846	0.020956
14.085025	4	0.059896	0.073981
13.743853	3	0.012000	0.025744
13.839284	2	0.008297	0.022137
14.088721	3	0.011831	0.025919
37.507237	4	0.014006	0.051513
13.837355	4	0.013471	0.027308
13.883511	2	0.006853	0.020736
13.763964	2	0.008132	0.021896
13.855775	3	0.009762	0.023618
13.929747	1	0.003422	0.017352
