29.193924	8002	48.737180	48.766374
26.120937	8002	48.753166	48.779287
30.194546	8002	47.324023	47.354218
28.442838	8002	47.586073	47.614516
27.450160	8002	49.175130	49.202580
27.708674	8002	47.938033	47.965742
26.391815	8002	48.633392	48.659784
26.866671	8002	48.989063	49.015930
26.919658	8002	46.711731	46.738651
83.384059	8002	48.929919	49.013303
26.830316	8002	47.533840	47.560670
28.976702	8002	47.964761	47.993738
85.178608	8002	47.793798	47.878976
28.294488	8002	49.992997	50.021292
28.331708	8002	47.344248	47.372580
26.502459	8002	49.771670	49.798172
28.318886	8002	47.724945	47.753264
27.445836	8002	48.132626	48.160071
25.604874	8002	47.979367	48.004972
30.010769	8002	47.901669	47.931679
28.434080	8002	47.529237	47.557671
27.766226	8002	47.207043	47.234809
29.610829	8002	47.393170	47.422781
25.374463	8002	50.356345	50.381719
29.216911	8002	48.534519	48.563736
27.724538	8002	47.893908	47.921633
83.805201	8002	47.268254	47.352059
27.431930	8002	48.850404	48.877836
31.670027	8002	48.872637	48.904307
78.551636	8002	48.432137	48.510689
26.833331	8002	47.612758	47.639591
26.821951	8002	48.405346	48.432168
25.230312	8002	49.494072	49.519302
27.197542	8002	47.956024	47.983222
31.678777	8002	47.730703	47.762382
28.026505	8002	50.224205	50.252231
31.023234	8002	47.916181	47.947205
28.288641	8002	48.855443	48.883731
29.245616	8002	48.207112	48.236357
29.599008	8002	47.649630	47.679229
23.204398	8002	47.846906	47.870110
26.850852	8002	48.252030	48.278880
27.005716	8002	47.272264	47.299270
83.739509	8002	48.896910	48.980650
27.713072	8002	47.906946	47.934659
27.841506	8002	46.987161	47.015003
25.750570	8002	49.746667	49.772417
27.970967	8002	48.341786	48.369757
26.854118	8002	49.191661	49.218515
26.103489	8002	49.758217	49.784320
26.193433	8002	48.737549	48.763742
28.020584	8002	47.693643	47.721663
29.804401	8002	49.586648	49.616453
31.093640	8002	48.159412	48.190506
26.760387	8002	48.038078	48.064838
28.148074	8002	48.090643	48.118791
31.190325	8002	49.236670	49.267860
82.185019	8002	46.444801	46.526986
29.569765	8002	48.767033	48.796602
33.024871	8002	49.556930	49.589955
31.967155	8002	47.078744	47.110711
32.968665	8002	47.885895	47.918864
31.368264	8002	47.334928	47.366297
27.167660	8002	49.473347	49.500515
29.200189	8002	47.795445	47.824645
25.968877	8002	47.319851	47.345820
26.653159	8002	48.530480	48.557133
28.480184	8002	48.100897	48.129377
25.075068	8002	48.571729	48.596804
27.072716	8002	46.764983	46.792055
27.852657	8002	49.044301	49.072154
80.168169	8002	47.372522	47.452690
26.700777	8002	49.270869	49.297570
29.391817	8002	48.133943	48.163335
79.857271	8002	48.174137	48.253994
28.986901	8002	47.380633	47.409620
29.654015	8002	48.541038	48.570692
25.787863	8002	49.077149	49.102937
30.268429	8002	47.877677	47.907945
28.898114	8002	47.796302	47.825200
27.979727	8002	48.412175	48.440155
27.964955	8002	47.483542	47.511507
26.221222	8002	46.345852	46.372073
28.010512	8002	48.710635	48.738645
30.379533	8002	47.172633	47.203012
25.001796	8002	49.426271	49.451273
28.906035	8002	47.848875	47.877781
28.987355	8002	48.959255	48.988243
93.179216	8002	48.791754	48.884934
29.109510	8002	49.286223	49.315333
28.867792	8002	47.604290	47.633158
94.929754	8002	49.183358	49.278288
28.374056	8002	48.773491	48.801865
28.289138	8002	49.319769	49.348058
31.769494	8002	49.655900	49.687669
28.847780	8002	47.937814	47.966661
30.190050	8002	47.248097	47.278287
26.972028	8002	46.731519	46.758491
26.983950	8002	47.499323	47.526307
26.736923	8002	47.161042	47.187779
