42.177562	16000	97.109477	97.151655
0.065044	2	0.005890	0.005955
0.021110	1	0.003301	0.003322
0.018412	1	0.003013	0.003031
0.019255	2	0.008685	0.008704
0.017391	2	0.019686	0.019703
19.213702	7948	47.092849	47.112063
64.243225	8053	48.193070	48.257314
0.064609	1	0.003115	0.003179
16.841512	7948	46.388547	46.405389
52.934382	7891	45.735737	45.788672
36.519027	16000	98.210017	98.246536
0.064686	1	0.002750	0.002814
0.017531	1	0.003865	0.003882
0.093957	2	0.006666	0.006760
0.021699	1	0.004096	0.004118
0.020162	2	0.090279	0.090300
0.014803	1	0.002931	0.002946
0.015189	1	0.002758	0.002774
0.015974	1	0.003255	0.003271
0.017233	1	0.003381	0.003398
19.124671	8085	48.456552	48.475676
0.065463	3	0.011625	0.011690
0.018505	2	0.016349	0.016367
0.016447	2	0.031558	0.031575
0.016712	2	0.006173	0.006190
0.017065	2	0.006846	0.006863
0.016814	1	0.002723	0.002739
0.012518	1	0.003937	0.003949
18.809040	8085	48.514300	48.533109
0.021269	3	0.013006	0.013027
43.840204	16000	94.348334	94.392174
0.061059	1	0.003423	0.003484
0.017596	1	0.003363	0.003381
0.015846	1	0.003730	0.003746
0.019296	2	0.008805	0.008824
21.266745	7976	48.706413	48.727680
0.063601	2	0.007163	0.007227
18.432245	8025	48.037418	48.055850
37.976029	16000	97.066977	97.104953
0.020151	2	0.008560	0.008580
0.013930	1	0.004445	0.004459
0.013474	1	0.002931	0.002945
0.012244	1	0.004912	0.004925
0.014888	2	0.006687	0.006702
0.011526	2	0.006235	0.006247
0.016482	3	0.009681	0.009698
0.012231	1	0.003425	0.003437
0.012828	1	0.003213	0.003226
0.014065	2	0.017864	0.017878
0.019596	2	0.008593	0.008612
0.012249	2	0.007734	0.007746
0.013026	2	0.007232	0.007245
0.024868	2	0.007675	0.007700
0.016263	1	0.003730	0.003746
0.013709	2	0.007135	0.007148
19.318318	8001	47.941438	47.960756
0.063525	2	0.008447	0.008510
49.668423	16000	98.729281	98.778949
82.681272	8000	46.543105	46.625786
0.019289	2	0.009988	0.010007
0.015072	1	0.002757	0.002772
0.015946	1	0.003410	0.003426
0.012906	1	0.003309	0.003322
0.011425	1	0.003799	0.003810
0.012091	1	0.003661	0.003673
0.012269	1	0.003132	0.003144
0.010192	1	0.003780	0.003790
0.016000	2	0.006472	0.006488
18.027180	7988	48.073440	48.091467
0.017071	1	0.003661	0.003678
0.017492	2	0.006671	0.006689
9.706570	4145	24.497282	24.506988
0.054300	1	0.002931	0.002985
0.016581	2	0.007039	0.007056
0.015109	1	0.002747	0.002762
39.901964	16000	95.142009	95.181911
39.952110	16000	94.123615	94.163567
0.061058	1	0.004912	0.004973
0.022138	2	0.006701	0.006723
19.191800	8093	48.803139	48.822331
0.062575	2	0.005880	0.005942
0.018259	2	0.007329	0.007347
0.017496	1	0.003316	0.003334
0.016941	2	0.049691	0.049708
0.016556	2	0.007897	0.007914
0.014639	1	0.003863	0.003877
19.160338	7908	47.358781	47.377942
0.058272	1	0.002758	0.002817
0.021101	2	0.007180	0.007201
0.019620	2	0.008952	0.008972
0.018995	2	0.008162	0.008181
0.015407	2	0.011854	0.011870
0.013478	2	0.007619	0.007632
0.015386	2	0.007209	0.007224
0.017542	3	0.010834	0.010851
0.013269	1	0.005832	0.005845
0.016973	2	0.005967	0.005984
0.014792	2	0.006120	0.006135
0.012713	1	0.007407	0.007419
