14.984812	8000	46.765575	46.780560
0.057518	2	0.006910	0.006968
0.017719	1	0.003316	0.003334
0.015484	1	0.020797	0.020812
0.016494	2	0.006858	0.006875
0.015448	2	0.007453	0.007468
7.096875	4017	23.321039	23.328136
7.399171	3984	24.696064	24.703464
0.050611	1	0.003218	0.003268
11.054539	4017	23.786168	23.797222
8.086413	3948	24.339377	24.347463
59.174944	8000	48.755746	48.814921
0.064149	1	0.006063	0.006127
0.017046	1	0.003289	0.003306
0.018115	2	0.007379	0.007397
0.016741	1	0.048429	0.048446
0.017757	1	0.003750	0.003768
0.013537	1	0.004594	0.004607
0.014051	1	0.003511	0.003526
0.015299	1	0.003871	0.003886
0.015220	1	0.005342	0.005357
8.191802	4007	23.589527	23.597719
0.059812	3	0.013706	0.013766
0.014296	1	0.003016	0.003030
0.013755	2	0.007419	0.007433
0.014118	2	0.006392	0.006406
0.011465	1	0.003784	0.003796
0.014376	1	0.003699	0.003713
0.011015	1	0.003309	0.003320
8.919069	4007	24.650652	24.659571
0.018251	2	0.045377	0.045395
17.050813	8000	47.190640	47.207691
0.060015	1	0.082097	0.082157
0.016073	1	0.013419	0.013435
0.013549	1	0.002892	0.002906
0.017750	2	0.008010	0.008027
40.148725	4031	24.501291	24.541439
0.064384	2	0.060765	0.060830
8.449793	3970	24.681039	24.689489
16.542329	8000	49.825754	49.842296
0.018339	2	0.006773	0.006791
0.012386	1	0.002713	0.002725
0.011187	1	0.002855	0.002866
0.012124	1	0.003696	0.003708
0.013033	2	0.008534	0.008547
0.010620	2	0.007961	0.007971
0.014247	3	0.009563	0.009577
0.011267	1	0.003154	0.003165
0.011885	1	0.009338	0.009350
0.013276	2	0.007309	0.007323
0.015704	1	0.003528	0.003543
0.010293	1	0.057348	0.057359
0.012758	1	0.003016	0.003028
0.012678	1	0.004179	0.004192
0.012622	1	0.005832	0.005845
0.012774	1	0.004842	0.004855
9.947902	3991	21.911872	21.921820
0.053892	1	0.005342	0.005396
16.147906	8000	47.943380	47.959528
7.875454	4010	24.763029	24.770905
0.016625	1	0.004453	0.004470
0.012083	1	0.003338	0.003350
0.012041	1	0.003610	0.003622
0.011415	1	0.002929	0.002941
0.011116	1	0.003132	0.003143
0.011792	1	0.003937	0.003948
0.010445	1	0.003863	0.003873
0.009554	1	0.003818	0.003827
0.010311	1	0.003410	0.003420
7.667260	4000	22.920009	22.927676
0.015477	1	0.003419	0.003434
0.012486	1	0.002758	0.002771
4.251703	2038	12.183582	12.187834
0.032882	1	0.013419	0.013452
0.010676	1	0.007055	0.007066
0.011545	1	0.006700	0.006712
16.796462	8000	47.791974	47.808770
16.771777	8000	47.665871	47.682642
0.058378	1	0.006798	0.006856
0.017468	1	0.004096	0.004113
8.080081	4014	24.111619	24.119699
0.052745	1	0.003758	0.003811
0.017740	1	0.003218	0.003235
0.015261	1	0.002642	0.002657
0.014324	1	0.004179	0.004193
0.014078	1	0.003406	0.003420
0.014074	1	0.013419	0.013433
7.767833	3987	23.684593	23.692361
0.052445	1	0.006798	0.006850
0.018142	1	0.003818	0.003836
0.016399	2	0.008118	0.008135
0.014415	2	0.006582	0.006597
0.012289	2	0.009137	0.009149
0.012986	2	0.008633	0.008646
0.011687	2	0.020787	0.020799
0.015550	3	0.010317	0.010332
0.012361	1	0.003237	0.003249
0.011215	1	0.002983	0.002994
0.011910	2	0.011106	0.011118
0.012048	1	0.003159	0.003171
