14699.957551	6432402	38724.416092	38739.116050
11452.174853	6432402	38738.851352	38750.303527
13765.679490	6432402	38707.526759	38721.292439
11235.390239	6432402	38702.136995	38713.372385
13932.895746	6432402	38715.449698	38729.382594
11158.988618	6432402	38740.547335	38751.706324
14121.211326	6432402	38756.000854	38770.122066
11665.166942	6432402	38762.912045	38774.577212
13252.819061	6432402	38751.397633	38764.650452
11373.524522	6432402	38741.870667	38753.244192
13520.048962	6432402	38718.206282	38731.726331
11282.733927	6432402	38737.554858	38748.837592
13220.979535	6432402	38746.921295	38760.142275
11602.530501	6432402	38745.674142	38757.276672
12940.423342	6432402	38798.238035	38811.178459
10880.404564	6432402	38776.338590	38787.218994
13255.636091	6432402	38743.324987	38756.580623
11486.932986	6432402	38785.116264	38796.603197
13565.018501	6432402	38691.231825	38704.796843
11593.373330	6432402	38703.294294	38714.887668
13692.713405	6432402	38727.694706	38741.387420
11254.127868	6432402	38744.042240	38755.296368
12272.208335	6432402	38742.171165	38754.443374
11202.176530	6432402	38745.241622	38756.443799
12937.098053	6432402	38783.571006	38796.508104
10901.216819	6432402	38733.847140	38744.748357
14163.977103	6432402	38772.702302	38786.866279
12607.823178	6432402	38721.884612	38734.492435
14403.396547	6432402	38739.203540	38753.606937
10835.886011	6432402	38760.772654	38771.608540
12794.571144	6432402	38752.580972	38765.375543
12029.797602	6432402	38746.734980	38758.764777
13983.325045	6432402	38755.716077	38769.699402
11241.308813	6432402	38762.756831	38773.998140
13429.055898	6432402	38708.159804	38721.588860
12372.122315	6432402	38743.196982	38755.569104
13626.226958	6432402	38730.219152	38743.845379
10968.311991	6432402	38685.191961	38696.160273
14269.175748	6432402	38714.920781	38729.189957
12289.996220	6432402	38725.617995	38737.907991
13834.972691	6432402	38713.703871	38727.538844
12079.644215	6432402	38740.941485	38753.021129
13886.988228	6432402	38782.879508	38796.766496
11847.633935	6432402	38768.660727	38780.508361
13720.069599	6432402	38706.837153	38720.557223
11040.631413	6432402	38787.956418	38798.997050
14044.418252	6432402	38709.939616	38723.984034
11413.346964	6432402	38752.951201	38764.364548
13825.483114	6432402	38744.987554	38758.813037
11303.498722	6432402	38745.182476	38756.485975
13867.954447	6432402	38726.032051	38739.900005
12238.912212	6432402	38755.660413	38767.899325
14202.375511	6432402	38751.782756	38765.985131
10706.879431	6432402	38714.767340	38725.474219
13982.085964	6432402	38697.071615	38711.053701
11751.187869	6432402	38760.406023	38772.157211
13656.842219	6432402	38739.983551	38753.640394
11479.985845	6432402	38776.821451	38788.301437
14383.715414	6432402	38742.307894	38756.691609
11670.199040	6432402	38698.976028	38710.646227
13411.799934	6432402	38743.457390	38756.869190
11632.183716	6432402	38751.654687	38763.286871
13684.981161	6432402	38737.343534	38751.028515
11424.618594	6432402	38728.090657	38739.515276
13206.796376	6432402	38705.440673	38718.647469
11527.178957	6432402	38746.986813	38758.513992
14108.369282	6432402	38810.049954	38824.158324
11485.053128	6432402	38734.963085	38746.448139
14171.013933	6432402	38742.631122	38756.802135
11470.902453	6432402	38755.953186	38767.424088
14266.112624	6432402	38793.548369	38807.814482
11951.183413	6432402	38706.161994	38718.113178
14262.179565	6432402	38826.857703	38841.119882
11099.429493	6432402	38752.667155	38763.766585
14504.088138	6432402	38698.331285	38712.835373
12260.716604	6432402	38762.843394	38775.104111
14382.918133	6432402	38780.537696	38794.920614
12248.041484	6432402	38723.251772	38735.499813
13227.677522	6432402	38714.659225	38727.886902
11998.816041	6432402	38756.620421	38768.619237
13783.816297	6432402	38734.017209	38747.801025
12195.468128	6432402	38730.566179	38742.761647
13707.010372	6432402	38688.956942	38702.663952
11144.378436	6432402	38722.475526	38733.619904
13559.361564	6432402	38735.545096	38749.104457
11430.716871	6432402	38764.904744	38776.335461
13158.969154	6432402	38798.157346	38811.316315
11649.578469	6432402	38738.474423	38750.124002
13223.384279	6432402	38777.027747	38790.251132
11913.916198	6432402	38709.806260	38721.720176
13168.556364	6432402	38739.770434	38752.938990
11676.185873	6432402	38769.657748	38781.333933
13360.784853	6432402	38748.907042	38762.267827
11080.775371	6432402	38761.821084	38772.901860
12949.515545	6432402	38676.030329	38688.979844
11927.201539	6432402	38761.033596	38772.960797
13265.136501	6432402	38742.639877	38755.905013
12414.143295	6432402	38697.359571	38709.773714
14159.654630	6432402	38768.888194	38783.047849
11336.953356	6432402	38754.593281	38765.930234
