0.002629	1	0.022622	0.022624
0.004405	1	0.004598	0.004603
0.002318	1	0.003342	0.003344
0.002189	1	0.003041	0.003043
0.001786	1	0.002931	0.002933
0.002034	1	0.002961	0.002963
0.001503	1	0.022622	0.022623
0.001618	1	0.003328	0.003329
0.001866	1	0.004082	0.004083
0.001442	1	0.002757	0.002758
0.002494	1	0.005662	0.005664
0.001961	1	0.002931	0.002933
0.001823	1	0.057348	0.057350
0.001418	1	0.005342	0.005343
0.001545	1	0.004477	0.004478
0.001486	1	0.002855	0.002856
0.002437	1	0.003423	0.003426
0.001729	1	0.005271	0.005272
0.001542	1	0.002642	0.002643
0.001670	1	0.003633	0.003635
0.002711	1	0.003417	0.003420
0.001812	1	0.003354	0.003355
0.001463	1	0.004363	0.004365
0.001655	1	0.006275	0.006276
0.001788	1	0.003016	0.003017
0.001383	1	0.003511	0.003513
0.001465	1	0.004096	0.004097
0.001512	1	0.003937	0.003938
0.001471	1	0.005298	0.005299
0.001589	1	0.003417	0.003419
0.002591	1	0.006063	0.006065
0.002657	1	0.003063	0.003066
0.002328	1	0.004179	0.004181
0.002309	1	0.003696	0.003698
0.001434	1	0.016468	0.016470
0.002062	1	0.003865	0.003867
0.001888	1	0.003490	0.003492
0.001715	1	0.003274	0.003276
0.001448	1	0.006700	0.006702
0.001807	1	0.004265	0.004266
0.003120	1	0.003939	0.003943
0.001757	1	0.003425	0.003426
0.001905	1	0.002831	0.002833
0.001992	1	0.003730	0.003732
0.001820	1	0.002750	0.002751
0.002237	1	0.004073	0.004075
0.001926	1	0.002972	0.002974
0.002239	1	0.005891	0.005894
0.001806	1	0.004445	0.004447
0.003873	1	0.002892	0.002896
0.002672	1	0.003633	0.003636
0.001849	1	0.004588	0.004590
0.001482	1	0.003930	0.003931
0.001495	1	0.003363	0.003364
0.002197	1	0.003758	0.003760
0.002282	1	0.003255	0.003257
0.002080	1	0.002983	0.002985
0.001692	1	0.003372	0.003374
0.001713	1	0.004179	0.004181
0.002024	1	0.002642	0.002644
0.003177	1	0.003132	0.003135
0.001781	1	0.003309	0.003311
0.001988	1	0.003712	0.003714
0.001909	1	0.003528	0.003530
0.001670	1	0.003511	0.003513
0.001352	1	0.002931	0.002933
0.001860	1	0.003230	0.003232
0.001804	1	0.002952	0.002954
0.002155	1	0.004265	0.004267
0.001467	1	0.002691	0.002692
0.002147	1	0.002983	0.002985
0.001643	1	0.003799	0.003801
0.001468	1	0.003511	0.003513
0.001714	1	0.003309	0.003311
0.001392	1	0.003784	0.003786
0.001262	1	0.004363	0.004364
0.001465	1	0.002712	0.002713
0.001171	1	0.004445	0.004446
0.001290	1	0.006700	0.006701
0.001822	1	0.004363	0.004365
0.002754	1	0.004293	0.004296
0.002368	1	0.003338	0.003340
0.001540	1	0.003601	0.003602
0.001481	1	0.046311	0.046312
0.002060	1	0.003423	0.003425
0.001348	1	0.003601	0.003602
0.002321	1	0.003276	0.003279
0.001495	1	0.004842	0.004843
0.001422	1	0.003063	0.003065
0.001753	1	0.002892	0.002894
0.002583	1	0.003342	0.003344
0.001810	1	0.006833	0.006835
0.001684	1	0.002831	0.002833
0.002281	1	0.005513	0.005515
0.001565	1	0.003410	0.003412
0.001875	1	0.002931	0.002933
0.002537	1	0.004265	0.004267
0.004282	1	0.003781	0.003785
0.001451	1	0.003159	0.003160
0.002145	1	0.002758	0.002761
