1.630332	1	0.003284	0.004914
1.096274	1	0.003315	0.004411
1.106736	1	0.003758	0.004865
1.124300	1	0.006275	0.007399
1.070533	1	0.005513	0.006583
1.048161	1	0.003381	0.004429
1.043953	1	0.009338	0.010382
1.042926	1	0.002892	0.003935
1.024081	1	0.003411	0.004435
1.025574	1	0.003661	0.004686
1.857203	1	0.003237	0.005094
1.216026	1	0.004214	0.005430
1.231277	1	0.003699	0.004930
1.170474	1	0.007407	0.008577
1.168575	1	0.005277	0.006445
1.160866	1	0.003791	0.004952
1.139658	1	0.003012	0.004152
1.113715	1	0.003871	0.004985
1.158710	1	0.004293	0.005452
1.133342	1	0.003249	0.004382
1.815296	1	0.002662	0.004477
1.272366	1	0.003417	0.004689
1.245730	1	0.048429	0.049675
1.209587	1	0.003162	0.004372
1.201583	1	0.003121	0.004323
1.160336	1	0.002983	0.004143
1.146633	1	0.007055	0.008202
1.149296	1	0.003159	0.004308
1.197200	1	0.007407	0.008604
1.151781	1	0.003735	0.004886
1.859672	1	0.003013	0.004872
1.216812	1	0.003328	0.004544
1.227037	1	0.004350	0.005578
1.222251	1	0.006575	0.007797
1.142435	1	0.003803	0.004946
20.711740	1	0.002944	0.023655
1.929018	1	0.004374	0.006303
1.785467	1	0.005513	0.007298
1.796940	1	0.002855	0.004652
1.755634	1	0.003411	0.005166
1.627854	1	0.004326	0.005954
1.168190	1	0.017445	0.018613
1.150918	1	0.003237	0.004388
1.127279	1	0.016497	0.017625
1.099907	1	0.004226	0.005326
1.092489	1	0.005378	0.006470
1.115512	1	0.003063	0.004179
1.077333	1	0.004588	0.005665
1.082314	1	0.004326	0.005409
1.077327	1	0.004214	0.005291
1.874335	1	0.002952	0.004827
1.252571	1	0.003274	0.004526
1.290050	1	0.006833	0.008123
1.234836	1	0.002712	0.003946
1.202984	1	0.004501	0.005704
1.197681	1	0.004598	0.005796
1.188552	1	0.003338	0.004526
1.177271	1	0.005513	0.006690
1.164930	1	0.004594	0.005759
1.153154	1	0.003417	0.004570
2.492584	1	0.003058	0.005551
1.475071	1	0.003284	0.004759
1.460451	1	0.003820	0.005280
1.408896	1	0.003989	0.005398
1.396546	1	0.003930	0.005326
1.374368	1	0.005117	0.006491
1.367413	1	0.002662	0.004029
1.247181	1	0.003730	0.004977
1.133158	1	0.002929	0.004062
1.122921	1	0.002972	0.004095
1.889640	1	0.003656	0.005545
1.337984	1	0.003132	0.004470
1.321868	1	0.003309	0.004631
1.314848	1	0.003410	0.004725
1.266855	1	0.004106	0.005372
1.244421	1	0.002981	0.004226
1.242755	1	0.003363	0.004606
1.225883	1	0.003431	0.004657
1.229680	1	0.003276	0.004506
1.258036	1	0.002758	0.004016
1.898130	1	0.057348	0.059246
1.297577	1	0.003338	0.004635
1.223646	1	0.003381	0.004604
1.203120	1	0.003245	0.004449
1.267765	1	0.003796	0.005064
1.188786	1	0.002691	0.003879
1.167711	1	0.003863	0.005030
1.153736	1	0.003245	0.004399
12.156374	1	0.003227	0.015383
1.709978	1	0.004588	0.006298
1.974734	1	0.003425	0.005399
1.289982	1	0.003820	0.005110
1.267535	1	0.003301	0.004568
1.254878	1	0.003154	0.004409
1.220931	1	0.003781	0.005002
1.202953	1	0.003610	0.004813
1.228056	1	0.003417	0.004645
1.174952	1	0.002757	0.003932
1.165823	1	0.002972	0.004138
1.191064	1	0.003699	0.004890
