461.734258	230135	1387.439511	1387.901245
691.973224	168622	1018.388440	1019.080414
688.823559	329735	1993.653993	1994.342816
615.155498	120485	723.230476	723.845631
723.041337	265420	1601.484946	1602.207988
723.418831	297518	1792.581621	1793.305040
734.574889	305588	1842.358517	1843.093092
714.748942	176861	1069.540556	1070.255305
668.169126	168627	1016.023692	1016.691861
694.661604	321672	1938.817774	1939.512435
545.759287	161712	970.497293	971.043053
655.585596	112842	673.615869	674.271455
625.381698	545	2.901227	3.526609
594.816842	176881	1057.974892	1058.569709
706.729101	330	1.806816	2.513546
598.658795	263	1.741369	2.340027
688.458009	554	3.638629	4.327087
697.590113	129181	780.195300	780.892890
713.336910	129143	775.009076	775.722412
666.077781	208997	1271.080679	1271.746756
654.227088	249869	1508.022570	1508.676797
569.375933	313043	1898.179655	1898.749031
536.992444	96473	580.766621	581.303614
705.762889	64278	385.323049	386.028812
900.993775	449640	2705.450814	2706.351807
822.120032	465716	2807.184365	2808.006485
758.156095	449644	2724.642826	2725.400982
880.196672	176443	1062.751962	1063.632159
668.654104	89	0.379033	1.047687
663.848889	473849	2859.929876	2860.593724
632.033903	182097	1095.695570	1096.327604
681.611622	136724	820.756764	821.438375
820.411367	249519	1504.780605	1505.601017
730.625569	265659	1594.459212	1595.189837
794.264336	185031	1114.468918	1115.263183
711.531252	152726	924.790471	925.502002
645.582766	7990	47.442296	48.087878
687.904719	15968	97.572874	98.260779
644.501344	305825	1835.017868	1835.662369
640.221972	281458	1699.059123	1699.699345
479.228612	230232	1386.784812	1387.264040
563.854753	57597	350.817873	351.381727
539.908450	458583	2765.021313	2765.561221
589.483936	201949	1215.190569	1215.780053
648.443395	298680	1793.071745	1793.720188
524.073736	105794	638.986510	639.510584
613.987304	105821	635.811756	636.425743
645.404253	16613	98.390356	99.035760
600.401205	201943	1218.078897	1218.679298
662.414945	362936	2182.022055	2182.684470
580.851373	174121	1045.279547	1045.860399
590.064710	56916	341.926904	342.516969
610.576968	169740	1022.224987	1022.835564
489.330809	137604	823.240000	823.729331
507.019161	89127	536.159002	536.666021
476.154287	32208	193.298060	193.774214
550.113924	354395	2136.224163	2136.774277
673.512354	298190	1801.186340	1801.859852
677.165472	153508	927.320773	927.997939
714.103947	40348	244.918301	245.632405
676.598934	249932	1505.742313	1506.418911
738.777168	48375	292.068481	292.807258
749.109787	385699	2320.489980	2321.239090
722.772730	321427	1935.070763	1935.793536
799.267792	353629	2131.034439	2131.833707
830.266076	113021	678.218845	679.049111
790.636837	48435	288.863436	289.654073
811.609348	64931	395.146194	395.957803
859.306616	140	0.749473	1.608779
794.605625	329446	1984.572065	1985.366671
706.312684	241958	1459.290869	1459.997181
827.856066	32276	195.544729	196.372585
772.439916	36521	216.500931	217.273371
730.974700	490269	2944.436604	2945.167579
856.531678	32246	193.536352	194.392884
776.799942	187	1.064395	1.841195
828.552341	490362	2949.571960	2950.400512
792.178156	105250	632.824993	633.617172
700.418902	474243	2839.074515	2839.774934
769.461260	185774	1124.230464	1124.999925
417.974341	186050	1122.179590	1122.597564
459.801518	290000	1755.246271	1755.706072
452.952319	594	4.006437	4.459389
438.228676	289935	1748.962947	1749.401175
423.982730	193566	1163.388895	1163.812878
455.677717	454	2.525952	2.981629
561.196945	165	0.965787	1.526984
461.731150	233696	1402.948107	1403.409838
446.112873	359	2.006340	2.452452
439.071628	32932	198.241343	198.680415
522.034139	233675	1409.242591	1409.764625
531.958326	96250	577.100152	577.632110
588.784020	385624	2320.528471	2321.117255
537.073667	256720	1538.964864	1539.501938
642.730716	112242	681.611725	682.254456
600.116478	144497	866.201868	866.801984
546.398060	257025	1554.199854	1554.746252
756.730384	256808	1551.343353	1552.100084
727.292308	38	0.198367	0.925659
738.973481	144533	869.154132	869.893106
