7.476226	1002	6.335787	6.343263
8.008017	1002	5.808172	5.816180
5.900493	1002	5.663706	5.669606
5.933033	1002	5.562218	5.568151
5.269503	1002	6.411235	6.416505
5.712045	1002	5.413943	5.419655
5.443682	1002	6.267477	6.272921
5.527370	1002	5.713374	5.718901
5.190757	1002	6.314384	6.319575
5.377568	1002	5.855708	5.861085
5.294357	1002	6.645763	6.651058
5.435267	1002	6.092221	6.097656
4.929733	1002	5.692884	5.697814
5.257049	1002	6.095801	6.101058
5.341562	1002	6.485022	6.490364
5.425091	1002	6.243878	6.249303
5.075895	1002	6.204835	6.209910
5.181183	1002	6.405109	6.410290
5.274682	1002	5.872043	5.877318
5.479829	1002	6.509279	6.514759
5.180903	1002	5.405224	5.410405
5.452051	1002	5.924112	5.929564
5.668717	1002	6.103547	6.109216
5.232835	1002	5.890331	5.895564
5.222254	1002	6.380229	6.385451
5.308107	1002	6.277872	6.283180
5.322025	1002	6.167332	6.172654
5.323412	1002	5.697465	5.702788
5.708159	1002	6.118941	6.124649
5.467418	1002	6.108725	6.114192
5.203772	1002	6.335649	6.340853
5.294706	1002	5.855186	5.860481
5.460495	1002	5.905978	5.911438
5.681847	1002	6.093496	6.099178
5.035109	1002	6.522777	6.527812
5.187379	1002	6.460958	6.466145
5.410032	1002	5.800763	5.806173
5.410966	1002	5.880100	5.885511
5.513223	1002	6.202940	6.208453
5.222062	1002	6.902003	6.907225
5.363950	1002	6.293539	6.298903
5.230698	1002	5.273276	5.278507
5.610478	1002	6.254507	6.260117
5.388534	1002	6.159795	6.165183
5.018784	1002	6.044485	6.049504
5.276991	1002	5.865822	5.871099
5.203508	1002	6.715694	6.720898
5.452046	1002	5.805885	5.811337
5.718963	1002	5.473212	5.478931
5.285763	1002	5.906516	5.911802
5.253053	1002	6.015950	6.021204
5.334452	1002	6.509654	6.514988
5.412848	1002	5.484934	5.490347
5.527135	1002	6.190974	6.196501
5.232528	1002	6.289121	6.294354
5.273583	1002	5.583136	5.588410
5.351552	1002	6.265835	6.271186
5.446049	1002	5.704234	5.709680
5.629448	1002	6.444014	6.449644
4.993382	1002	6.069753	6.074746
5.351087	1002	6.472971	6.478323
5.112522	1002	6.667189	6.672302
5.553138	1002	6.157002	6.162555
5.239847	1002	5.521779	5.527019
5.237147	1002	5.721969	5.727206
5.238041	1002	5.826410	5.831648
5.200636	1002	6.158541	6.163742
5.317849	1002	6.547445	6.552763
5.701228	1002	6.328331	6.334033
5.300098	1002	5.194350	5.199650
5.366747	1002	6.144482	6.149848
5.392649	1002	5.943476	5.948869
5.548661	1002	6.167654	6.173203
5.706357	1002	6.138591	6.144297
5.170148	1002	5.854032	5.859202
5.320804	1002	6.287511	6.292831
5.712436	1002	5.942309	5.948022
5.505177	1002	6.472983	6.478488
5.716048	1002	6.164014	6.169730
5.099825	1002	6.304468	6.309568
5.291632	1002	5.736357	5.741648
5.343793	1002	5.796704	5.802048
5.753838	1002	6.126030	6.131784
5.235442	1002	6.217767	6.223002
5.137620	1002	5.424020	5.429157
5.284078	1002	5.753910	5.759194
5.400313	1002	6.135836	6.141237
5.542600	1002	5.987326	5.992868
5.607025	1002	5.666863	5.672470
5.260662	1002	5.736445	5.741706
5.339617	1002	6.172049	6.177389
5.554924	1002	5.631015	5.636570
5.578546	1002	6.484207	6.489786
5.690290	1002	6.441621	6.447311
5.122995	1002	5.860948	5.866071
5.471635	1002	5.883527	5.888999
5.404771	1002	5.687624	5.693029
5.554607	1002	6.808386	6.813941
5.673667	1002	5.885764	5.891438
5.194132	1002	6.114969	6.120163
