3.174997	2000	11.849964	11.853139
0.312353	2	0.006447	0.006760
0.302279	1	0.003712	0.004014
15.593095	1	0.006798	0.022391
0.771845	2	0.173119	0.173891
0.297523	1	0.003115	0.003412
1.264153	993	6.257975	6.259239
2.251831	1008	5.985858	5.988109
0.551049	1	0.004226	0.004777
1.752355	993	6.712807	6.714559
1.897971	986	6.109065	6.110963
1.913790	2000	12.228312	12.230226
0.435182	1	0.004594	0.005029
0.427515	1	0.009338	0.009765
0.428018	1	0.004326	0.004754
0.419876	1	0.002931	0.003351
0.429284	1	0.004326	0.004756
0.424545	1	0.003016	0.003440
0.438673	1	0.004184	0.004622
0.432288	1	0.003012	0.003445
1.015485	1	0.003863	0.004878
1.463257	1002	5.774900	5.776364
0.335407	1	0.003338	0.003673
0.330204	1	0.003249	0.003579
0.328598	1	0.004082	0.004410
0.417008	1	0.003791	0.004208
0.457525	1	0.002931	0.003389
0.461798	1	0.002855	0.003317
0.473397	1	0.003633	0.004107
1.917377	1002	5.979233	5.981150
1.313174	2	0.049470	0.050783
3.024245	2000	12.069247	12.072271
0.625783	1	0.003237	0.003863
0.618714	1	0.005342	0.005961
0.620185	1	0.006575	0.007195
0.483242	2	0.006483	0.006966
0.914131	963	5.824232	5.825146
0.355655	2	0.006764	0.007120
1.025625	1038	6.118959	6.119985
1.784256	2000	11.749412	11.751197
26.124258	1	0.003411	0.029535
0.441224	1	0.003154	0.003595
0.438086	1	0.003381	0.003819
0.622967	1	0.003989	0.004612
0.614355	1	0.004265	0.004879
0.623312	1	0.003237	0.003860
0.621974	1	0.003780	0.004402
0.618756	1	0.003410	0.004029
0.620710	1	0.046311	0.046931
0.634087	1	0.005271	0.005905
1.006863	1	0.003712	0.004719
0.329708	1	0.004363	0.004693
21.593232	1	0.004842	0.026435
0.456672	1	0.003249	0.003705
0.333510	1	0.003381	0.003714
0.331034	1	0.002931	0.003262
1.339193	1034	6.252785	6.254124
0.485516	1	0.004594	0.005079
2.039437	2000	12.953116	12.955156
1.181657	967	5.696033	5.697215
1.006294	1	0.004629	0.005635
0.331863	1	0.004594	0.004926
0.333307	1	0.003633	0.003967
0.337739	1	0.003419	0.003756
26.004225	1	0.003758	0.029762
0.678845	1	0.003548	0.004226
0.328005	1	0.002961	0.003289
0.327851	1	0.003201	0.003529
0.332822	1	0.004598	0.004931
1.842818	1010	6.009282	6.011125
1.010512	1	0.004594	0.005604
0.330410	1	0.003696	0.004026
1.012461	498	2.982393	2.983406
0.329170	1	0.022622	0.022951
0.334481	1	0.002967	0.003301
19.882152	1	0.003656	0.023538
2.889648	2000	11.971353	11.974243
2.049469	2000	12.654100	12.656149
0.516752	1	0.004082	0.004598
0.524554	1	0.005262	0.005787
2.314420	1002	5.710994	5.713308
0.335115	1	0.003417	0.003752
0.338294	1	0.003423	0.003762
0.347434	1	0.003316	0.003663
0.339040	1	0.003939	0.004278
0.392510	1	0.006700	0.007093
0.353998	1	0.004326	0.004680
1.545481	999	5.871682	5.873228
0.344666	1	0.003474	0.003819
16.584200	1	0.005271	0.021855
1.025925	1	0.006833	0.007859
0.337322	1	0.017445	0.017782
0.338699	1	0.003237	0.003575
0.347500	1	0.004445	0.004792
0.342277	1	0.003871	0.004213
0.332761	1	0.003203	0.003536
0.338507	1	0.003301	0.003639
0.342372	1	0.003511	0.003854
0.345185	1	0.005489	0.005835
0.340202	1	0.002949	0.003289
