0.003000	1	0.003284	0.003287
0.002597	1	0.003315	0.003318
0.002295	1	0.003758	0.003760
0.002577	1	0.006275	0.006277
0.001762	1	0.005513	0.005515
0.001950	1	0.003381	0.003383
0.002471	1	0.009338	0.009340
0.002258	1	0.002892	0.002895
0.002187	1	0.003411	0.003413
0.001308	1	0.003661	0.003662
0.004211	1	0.003237	0.003241
0.002182	1	0.004214	0.004216
0.002435	1	0.003699	0.003701
0.002483	1	0.007407	0.007409
0.001785	1	0.005277	0.005279
0.002232	1	0.003791	0.003793
0.002419	1	0.003012	0.003015
0.002643	1	0.003871	0.003874
0.002565	1	0.004293	0.004296
0.002896	1	0.003249	0.003251
0.003534	1	0.002662	0.002665
0.002165	1	0.003417	0.003419
0.001391	1	0.048429	0.048430
0.001844	1	0.003162	0.003164
0.001543	1	0.003121	0.003123
0.002073	1	0.002983	0.002985
0.001962	1	0.007055	0.007057
0.002340	1	0.003159	0.003161
0.002324	1	0.007407	0.007409
0.002323	1	0.003735	0.003737
0.003615	1	0.003013	0.003016
0.003235	1	0.003328	0.003331
0.002986	1	0.004350	0.004353
0.001518	1	0.006575	0.006576
0.001806	1	0.003803	0.003805
0.002140	1	0.002944	0.002946
0.002674	1	0.004374	0.004377
0.002853	1	0.005513	0.005516
0.003087	1	0.002855	0.002858
0.002690	1	0.003411	0.003413
0.004326	1	0.004326	0.004331
0.002708	1	0.017445	0.017448
0.002637	1	0.003237	0.003239
0.002903	1	0.016497	0.016500
0.002421	1	0.004226	0.004229
0.002471	1	0.005378	0.005380
0.001603	1	0.003063	0.003065
0.002848	1	0.004588	0.004591
0.002665	1	0.004326	0.004329
0.002000	1	0.004214	0.004216
0.003474	1	0.002952	0.002956
0.002036	1	0.003274	0.003276
0.001619	1	0.006833	0.006835
0.001318	1	0.002712	0.002713
0.002007	1	0.004501	0.004503
0.002144	1	0.004598	0.004601
0.001795	1	0.003338	0.003339
0.002190	1	0.005513	0.005515
0.002009	1	0.004594	0.004596
0.001412	1	0.003417	0.003418
0.003082	1	0.003058	0.003062
0.002569	1	0.003284	0.003287
0.002239	1	0.003820	0.003822
0.002608	1	0.003989	0.003992
0.002590	1	0.003930	0.003932
0.001685	1	0.005117	0.005119
0.002340	1	0.002662	0.002664
0.002927	1	0.003730	0.003733
0.002703	1	0.002929	0.002932
0.002161	1	0.002972	0.002975
0.003359	1	0.003656	0.003659
0.001638	1	0.003132	0.003133
0.002262	1	0.003309	0.003312
0.002958	1	0.003410	0.003413
0.001979	1	0.004106	0.004107
0.002556	1	0.002981	0.002984
0.002583	1	0.003363	0.003366
0.001685	1	0.003431	0.003432
0.002731	1	0.003276	0.003279
0.002803	1	0.002758	0.002761
0.003527	1	0.057348	0.057352
0.002706	1	0.003338	0.003340
0.002892	1	0.003381	0.003384
0.002648	1	0.003245	0.003248
0.002441	1	0.003796	0.003798
0.002649	1	0.002691	0.002693
0.001801	1	0.003863	0.003865
0.002431	1	0.003245	0.003248
0.002677	1	0.003227	0.003230
0.002512	1	0.004588	0.004590
0.002992	1	0.003425	0.003428
0.001978	1	0.003820	0.003822
0.001848	1	0.003301	0.003303
0.001856	1	0.003154	0.003156
0.002301	1	0.003781	0.003783
0.002229	1	0.003610	0.003612
0.002153	1	0.003417	0.003419
0.002319	1	0.002757	0.002759
0.001922	1	0.002972	0.002974
0.001569	1	0.003699	0.003700
