692.367637	402402	2408.356295	2409.048663
789.682681	402402	2420.770230	2421.559913
921.876608	402402	2437.101459	2438.023336
725.038888	402402	2437.242669	2437.967708
824.314338	402402	2415.515603	2416.339917
742.271927	402402	2429.033402	2429.775674
746.179082	402402	2434.957304	2435.703483
699.826508	402402	2426.336813	2427.036640
791.247758	402402	2426.778065	2427.569313
744.448239	402402	2422.315051	2423.059499
738.304196	402402	2421.475155	2422.213460
807.892473	402402	2426.158687	2426.966580
751.124497	402402	2418.201977	2418.953101
800.864311	402402	2426.799561	2427.600425
700.650061	402402	2428.693064	2429.393714
720.737453	402402	2425.221919	2425.942657
698.099388	402402	2418.382016	2419.080115
720.100127	402402	2429.268452	2429.988552
703.474428	402402	2414.968642	2415.672117
815.686643	402402	2416.373157	2417.188844
762.120594	402402	2421.129422	2421.891543
797.173460	402402	2428.925529	2429.722702
707.009585	402402	2428.450109	2429.157118
719.506298	402402	2421.648607	2422.368113
705.621572	402402	2421.701205	2422.406827
662.357816	402402	2425.097193	2425.759551
800.014177	402402	2421.665991	2422.466005
747.518364	402402	2426.012662	2426.760181
727.004203	402402	2412.030959	2412.757963
666.545713	402402	2426.766797	2427.433342
771.249646	402402	2413.764201	2414.535450
723.336404	402402	2410.849154	2411.572491
719.838639	402402	2430.569776	2431.289615
721.685380	402402	2438.455025	2439.176710
714.138186	402402	2417.498518	2418.212656
733.171860	402402	2420.827222	2421.560394
708.592219	402402	2418.741044	2419.449637
678.480406	402402	2416.798485	2417.476966
658.736559	402402	2427.426026	2428.084762
668.190328	402402	2431.157792	2431.825983
734.781346	402402	2424.327296	2425.062077
784.775161	402402	2428.613234	2429.398009
771.090668	402402	2421.584399	2422.355490
743.600862	402402	2407.940365	2408.683965
715.529676	402402	2422.457065	2423.172594
775.139363	402402	2421.398684	2422.173824
901.843040	402402	2411.481703	2412.383546
655.766688	402402	2425.037851	2425.693617
767.701818	402402	2419.695997	2420.463699
751.818278	402402	2433.448936	2434.200755
711.793793	402402	2418.557944	2419.269737
708.252501	402402	2416.409038	2417.117291
785.101991	402402	2420.771770	2421.556872
796.843013	402402	2413.982323	2414.779166
669.555186	402402	2425.366031	2426.035586
796.547970	402402	2421.706343	2422.502891
747.974898	402402	2424.178314	2424.926289
750.881325	402402	2427.683636	2428.434517
695.418114	402402	2433.101810	2433.797228
718.639904	402402	2421.665493	2422.384133
651.748123	402402	2430.887379	2431.539127
682.908866	402402	2422.848063	2423.530972
662.883404	402402	2407.396439	2408.059322
718.140088	402402	2414.873892	2415.592032
716.302645	402402	2419.795070	2420.511373
719.292501	402402	2423.145503	2423.864795
670.670666	402402	2426.747170	2427.417841
761.808763	402402	2423.920207	2424.682016
765.657636	402402	2414.398051	2415.163708
797.307182	402402	2422.218856	2423.016163
758.802655	402402	2425.456844	2426.215647
719.895863	402402	2421.606259	2422.326155
840.663444	402402	2426.037547	2426.878211
665.011446	402402	2420.500713	2421.165725
761.940410	402402	2415.608145	2416.370086
776.096487	402402	2416.303290	2417.079387
734.529827	402402	2428.874171	2429.608701
702.339190	402402	2429.890518	2430.592857
740.116772	402402	2408.640894	2409.381011
743.764577	402402	2412.181506	2412.925270
776.706122	402402	2421.331874	2422.108580
685.592090	402402	2432.513622	2433.199214
773.503022	402402	2422.549552	2423.323055
717.650303	402402	2422.779763	2423.497413
746.856180	402402	2418.941509	2419.688365
773.067867	402402	2419.197961	2419.971029
710.249124	402402	2425.932581	2426.642830
693.427026	402402	2423.901556	2424.594983
692.114237	402402	2422.528425	2423.220539
765.915137	402402	2418.771285	2419.537200
763.773264	402402	2432.214532	2432.978305
771.261535	402402	2429.732735	2430.503997
781.009495	402402	2443.433484	2444.214494
792.527355	402402	2428.259580	2429.052107
750.729432	402402	2424.385373	2425.136103
734.045394	402402	2423.890546	2424.624591
885.298634	402402	2423.237023	2424.122321
766.028730	402402	2430.380806	2431.146834
749.681853	402402	2425.679161	2426.428843
711.500556	402402	2412.976711	2413.688212
