3262.902122	1608402	9696.568414	9699.831316
3600.483396	1608402	9698.311313	9701.911796
3346.792412	1608402	9705.565974	9708.912766
3196.605822	1608402	9683.668606	9686.865212
3321.323380	1608402	9672.473067	9675.794391
3118.676269	1608402	9674.232627	9677.351304
3069.190147	1608402	9668.481959	9671.551149
3115.336547	1608402	9665.190549	9668.305885
3421.793397	1608402	9691.098213	9694.520006
3603.812213	1608402	9676.256979	9679.860791
3209.908061	1608402	9674.362374	9677.572282
3222.154856	1608402	9703.397345	9706.619500
3897.553327	1608402	9682.402634	9686.300188
3370.499929	1608402	9700.052559	9703.423059
3197.327216	1608402	9688.453099	9691.650426
3620.361211	1608402	9682.019560	9685.639921
3393.730755	1608402	9687.022711	9690.416442
3591.553738	1608402	9673.592598	9677.184152
3366.299049	1608402	9690.478227	9693.844526
3205.221867	1608402	9673.088075	9676.293297
3010.128728	1608402	9682.202404	9685.212533
3001.142973	1608402	9687.269777	9690.270920
3110.081920	1608402	9700.287391	9703.397473
3423.433516	1608402	9699.490484	9702.913917
3529.722379	1608402	9700.932846	9704.462568
3184.265425	1608402	9691.572589	9694.756854
3147.054297	1608402	9702.231708	9705.378762
3214.373418	1608402	9704.447003	9707.661376
3314.730419	1608402	9705.956926	9709.271657
3752.359905	1608402	9715.596115	9719.348475
3286.566431	1608402	9699.098336	9702.384902
3283.953038	1608402	9688.133027	9691.416980
3458.654023	1608402	9682.410579	9685.869233
3338.504367	1608402	9696.892216	9700.230720
3197.701322	1608402	9702.389535	9705.587237
3274.967807	1608402	9690.661797	9693.936764
3218.738079	1608402	9686.795587	9690.014325
3289.200814	1608402	9707.015820	9710.305021
3238.252208	1608402	9666.094522	9669.332774
3495.090552	1608402	9676.541019	9680.036110
3178.884391	1608402	9688.659870	9691.838755
3185.992680	1608402	9654.433438	9657.619430
3175.033783	1608402	9681.553824	9684.728858
3162.666282	1608402	9687.388449	9690.551115
3183.955438	1608402	9707.338149	9710.522104
3400.395039	1608402	9651.272312	9654.672707
3191.415767	1608402	9694.465134	9697.656550
3532.923601	1608402	9687.402408	9690.935332
3281.800223	1608402	9674.501464	9677.783264
3545.651782	1608402	9691.002513	9694.548164
3327.789787	1608402	9704.038426	9707.366216
3455.962523	1608402	9678.308491	9681.764453
3564.439756	1608402	9684.543304	9688.107744
3350.580185	1608402	9703.310952	9706.661533
3493.233453	1608402	9694.232827	9697.726061
3305.889101	1608402	9673.505233	9676.811122
3183.969212	1608402	9681.591161	9684.775130
3130.592961	1608402	9670.548130	9673.678723
3139.232425	1608402	9673.335972	9676.475205
3288.444789	1608402	9693.960812	9697.249257
3309.358675	1608402	9702.950744	9706.260102
3334.083728	1608402	9683.273968	9686.608052
3315.178116	1608402	9701.129617	9704.444795
3355.730316	1608402	9679.737172	9683.092902
3221.861593	1608402	9665.748720	9668.970582
3594.105659	1608402	9678.658076	9682.252181
3669.567288	1608402	9682.708868	9686.378435
3742.842510	1608402	9702.722515	9706.465358
3378.628153	1608402	9670.215774	9673.594402
3849.002104	1608402	9703.887929	9707.736931
3541.754461	1608402	9667.587581	9671.129335
3791.957130	1608402	9709.359260	9713.151217
3344.386392	1608402	9699.829353	9703.173740
3515.879205	1608402	9689.054109	9692.569988
3209.989880	1608402	9686.919212	9690.129202
3251.088838	1608402	9715.657162	9718.908251
3170.469846	1608402	9687.066225	9690.236695
3523.134651	1608402	9678.805680	9682.328815
3477.293734	1608402	9699.629298	9703.106591
3655.157288	1608402	9686.890332	9690.545489
3587.578770	1608402	9676.486641	9680.074220
3491.912014	1608402	9674.629418	9678.121330
3152.560212	1608402	9678.967171	9682.119731
3656.993158	1608402	9690.509753	9694.166747
3528.580747	1608402	9663.887574	9667.416155
3643.762392	1608402	9678.719558	9682.363321
3598.062119	1608402	9691.333366	9694.931428
3242.448114	1608402	9683.804685	9687.047133
3389.814779	1608402	9706.462692	9709.852507
3236.239009	1608402	9676.514157	9679.750396
3259.491260	1608402	9685.038774	9688.298265
3236.650868	1608402	9687.159263	9690.395914
3392.612017	1608402	9691.167112	9694.559724
3444.312248	1608402	9666.861630	9670.305942
3568.938375	1608402	9680.247702	9683.816641
3444.741180	1608402	9670.529219	9673.973960
3465.162243	1608402	9705.829839	9709.295001
3490.382327	1608402	9698.040480	9701.530862
3501.641585	1608402	9688.008189	9691.509830
3457.160501	1608402	9694.438575	9697.895735
