53.263676	23878	143.179248	143.232511
32.647487	25158	152.181791	152.214438
34.294987	24973	149.670268	149.704563
66.258356	25089	152.073412	152.139671
33.633699	18900	113.161422	113.195056
34.866988	2179	12.121122	12.155989
49.897610	30327	182.680379	182.730277
35.722235	32372	196.078553	196.114275
36.906403	2131	13.004754	13.041661
58.558811	25991	155.069486	155.128045
37.271345	31944	192.719063	192.756334
40.885333	43314	259.382492	259.423377
66.641251	22677	135.369843	135.436484
41.814947	32933	199.996820	200.038635
42.353775	6223	37.282626	37.324980
62.937286	61837	374.899580	374.962517
41.615550	28823	175.816632	175.858248
43.526000	49431	300.111726	300.155252
57.864417	61779	371.342046	371.399910
42.460035	6183	37.307390	37.349850
33.796951	23918	144.440498	144.474295
56.599050	21516	129.955357	130.011956
36.430651	27277	161.265100	161.301531
37.036577	10339	62.924865	62.961902
50.382536	27013	158.221987	158.272369
36.053370	10269	60.468829	60.504883
38.005486	27363	164.228784	164.266790
60.541619	22651	137.074905	137.135447
37.896146	47883	288.261331	288.299227
39.683389	48810	298.113683	298.153366
60.268481	19489	114.170733	114.231002
35.075175	7302	42.013116	42.048191
36.018663	24153	146.890624	146.926643
55.337026	32425	192.892815	192.948152
36.520720	38597	230.620988	230.657509
38.412673	40856	244.969724	245.008137
56.577042	12297	73.633880	73.690457
39.916249	26238	157.378913	157.418829
39.201589	31372	189.520823	189.560024
56.368979	21530	130.363230	130.419599
47.146398	15005	90.032634	90.079781
27.348906	21611	130.710109	130.737458
27.572481	2411	15.804522	15.832095
27.942177	19359	116.894467	116.922410
46.445137	4471	26.964276	27.010722
27.956235	28153	168.277889	168.305846
28.607233	21807	130.960951	130.989558
52.398799	19213	114.715290	114.767689
33.255976	21783	130.756501	130.789757
29.860492	28117	169.313365	169.343226
30.919324	13985	84.326602	84.357521
45.241606	9721	57.526455	57.571697
32.597858	1181	6.805946	6.838543
31.851890	9975	58.480353	58.512205
32.326287	13487	81.023786	81.056112
56.209044	13567	80.661895	80.718104
33.106316	10544	63.426081	63.459187
33.846504	9353	55.753668	55.787514
58.534885	13702	82.036736	82.095271
35.052287	16909	103.127509	103.162562
30.791082	18932	114.060424	114.091215
60.076502	85	0.731276	0.791352
31.351853	19033	113.498866	113.530218
32.476841	12619	75.605821	75.638298
32.862645	19299	116.763242	116.796105
50.187672	8509	51.927798	51.977986
34.468387	21499	130.813931	130.848399
35.086590	27637	165.961105	165.996191
50.188311	31899	193.077482	193.127671
34.829522	19970	118.990906	119.025735
31.540805	17904	110.017071	110.048612
46.478279	37	0.282155	0.328634
32.829969	602	3.890535	3.923365
33.225589	5761	34.231469	34.264695
33.322563	1441	8.409645	8.442967
53.980239	1471	8.478400	8.532380
35.634427	32746	199.115541	199.151176
36.419179	3344	19.761857	19.798277
53.696872	1327	7.656341	7.710038
38.004485	26305	156.619603	156.657608
31.287327	20401	121.944791	121.976078
50.331947	2169	12.901010	12.951342
31.764881	24275	146.122847	146.154612
33.460688	24401	147.926615	147.960076
33.965144	17015	106.013415	106.047380
57.413218	24279	145.787221	145.844634
33.440131	24171	142.345052	142.378492
34.542991	7533	45.154251	45.188794
56.722358	2203	14.549670	14.606393
34.726722	38671	231.061603	231.096330
30.661107	18443	110.260563	110.291225
31.267315	23	0.090566	0.121834
53.610547	6803	39.790958	39.844568
32.276312	18447	109.317660	109.349936
32.438870	2311	13.832823	13.865262
54.831171	26731	160.975756	161.030587
32.774265	10827	64.520873	64.553648
33.704315	109	0.704188	0.737892
50.808985	26607	163.001276	163.052085
37.707370	16265	97.574389	97.612096
