645.385053	9001	55.180450	55.825835
675.485763	2001	12.238202	12.913688
690.007169	2003	12.632972	13.322979
683.939902	2005	12.186460	12.870400
611.279550	2007	12.660979	13.272259
676.527044	2009	12.276274	12.952801
685.613003	2011	11.827016	12.512629
665.864607	2013	11.862265	12.528129
675.096954	2015	12.327358	13.002455
690.884254	2017	11.504945	12.195829
645.742391	9001	55.732659	56.378401
711.382573	2001	12.750776	13.462159
688.074300	2003	12.082145	12.770220
708.698482	2005	11.573874	12.282573
682.303768	2007	12.484276	13.166580
673.074814	2009	12.280313	12.953388
688.971615	2011	12.889431	13.578403
700.841112	2013	11.837168	12.538009
701.509002	2015	11.485269	12.186778
671.521580	2017	12.004595	12.676117
662.912661	9001	52.146093	52.809006
666.867772	2001	11.991780	12.658648
684.456608	2003	11.324668	12.009125
699.943595	2005	12.770356	13.470300
664.816542	2007	12.641482	13.306299
682.301498	2009	11.888150	12.570451
670.577903	2011	13.433728	14.104306
659.615022	2013	11.496905	12.156520
665.415539	2015	13.269044	13.934460
655.739671	2017	12.698159	13.353899
671.280649	9001	53.270617	53.941897
695.429810	2001	11.637491	12.332920
663.837351	2003	11.854966	12.518804
695.465135	2005	12.054167	12.749632
666.801020	2007	12.148493	12.815294
692.361186	2009	11.629803	12.322164
682.224264	2011	13.134391	13.816615
699.812787	2013	12.680886	13.380699
693.640600	2015	12.396627	13.090267
655.887340	2017	12.880798	13.536686
645.952372	9001	54.499875	55.145828
641.653880	2001	11.527606	12.169260
703.518414	2003	11.192983	11.896502
672.084630	2005	11.767673	12.439758
660.449586	2007	12.615230	13.275680
666.593207	2009	11.906038	12.572631
712.284611	2011	12.057772	12.770057
654.497356	2013	11.250054	11.904551
654.156846	2015	11.708563	12.362720
667.893119	2017	12.299792	12.967685
658.140871	9001	53.851924	54.510064
682.927720	2001	12.526481	13.209409
670.175392	2003	11.869163	12.539339
687.638938	2005	12.732933	13.420572
683.054236	2007	12.958913	13.641967
700.571212	2009	11.442797	12.143368
672.778919	2011	12.295214	12.967993
717.990815	2013	12.246871	12.964862
694.942469	2015	11.808378	12.503321
685.828191	2017	11.736677	12.422505
662.337306	9001	56.564324	57.226662
650.770214	2001	12.433964	13.084734
653.437008	2003	12.740620	13.394057
689.086157	2005	11.882416	12.571502
651.509924	2007	11.791213	12.442723
680.314949	2009	12.180509	12.860824
692.160724	2011	11.486066	12.178227
670.787747	2013	12.613420	13.284208
673.454384	2015	12.467045	13.140499
683.222123	2017	13.223836	13.907058
663.385754	9001	53.029532	53.692917
683.978991	2001	11.689323	12.373302
721.195725	2003	11.757706	12.478902
666.891655	2005	11.661611	12.328502
697.837739	2007	12.601231	13.299069
692.303749	2009	12.200778	12.893081
660.243111	2011	12.137018	12.797261
705.886858	2013	12.213477	12.919364
687.534556	2015	11.656818	12.344352
689.365113	2017	12.175388	12.864753
673.691233	9001	54.836525	55.510217
643.960710	2001	11.505189	12.149150
681.241729	2003	12.457137	13.138379
690.797320	2005	12.010778	12.701575
642.068296	2007	12.194221	12.836290
671.607812	2009	11.556223	12.227831
667.837967	2011	12.193122	12.860960
663.894989	2013	11.856208	12.520103
656.389553	2015	12.551758	13.208147
662.551924	2017	12.726437	13.388989
672.739851	9001	52.373168	53.045908
687.535446	2001	11.909350	12.596885
685.223810	2003	12.271469	12.956693
665.386595	2005	12.008324	12.673711
677.001830	2007	12.636592	13.313594
690.970116	2009	11.435868	12.126838
666.800522	2011	12.354992	13.021792
715.960811	2013	11.815587	12.531548
683.237573	2015	11.790463	12.473700
658.574755	2017	12.007253	12.665828
