4.953079	1002	6.170349	6.175302
5.964836	1002	6.296695	6.302660
5.311356	1002	5.776680	5.781992
4.990237	1002	6.611320	6.616310
5.150435	1002	6.040767	6.045917
50.037135	1002	5.919599	5.969636
5.824842	1002	6.779042	6.784867
5.112950	1002	5.642913	5.648026
4.800200	1002	6.122322	6.127122
5.269617	1002	5.772941	5.778210
5.601655	1002	5.396284	5.401886
5.196208	1002	5.738827	5.744024
5.219106	1002	6.280228	6.285447
5.180360	1002	6.207397	6.212578
4.807800	1002	5.578463	5.583270
5.299429	1002	5.677760	5.683059
5.969787	1002	6.077397	6.083366
5.167097	1002	5.980032	5.985200
5.164712	1002	5.815368	5.820533
5.258280	1002	5.788374	5.793632
5.798364	1002	6.431631	6.437429
5.085093	1002	5.470411	5.475496
5.116138	1002	5.735567	5.740683
5.084477	1002	5.933842	5.938926
5.477124	1002	5.195053	5.200530
5.579439	1002	6.312204	6.317784
5.201491	1002	5.908338	5.913540
5.369947	1002	6.115843	6.121213
4.930516	1002	5.757155	5.762086
5.380899	1002	6.421091	6.426472
41.200708	1002	6.182910	6.224111
5.137516	1002	6.279103	6.284241
5.079583	1002	6.299726	6.304806
4.998383	1002	6.266553	6.271551
5.262812	1002	6.610473	6.615735
5.102033	1002	6.011446	6.016548
4.784207	1002	6.580206	6.584990
5.125151	1002	6.716305	6.721431
5.061371	1002	5.669245	5.674306
4.945150	1002	5.226011	5.230956
5.071664	1002	6.039815	6.044886
5.121255	1002	6.054738	6.059860
4.966991	1002	5.844213	5.849180
4.941933	1002	5.563950	5.568892
7.445083	1002	6.232483	6.239928
4.868651	1002	6.104266	6.109135
5.158586	1002	6.653684	6.658843
4.906348	1002	6.241912	6.246819
5.046077	1002	6.573346	6.578392
5.062724	1002	5.674221	5.679284
4.865997	1002	5.576895	5.581761
5.102163	1002	6.254575	6.259677
4.965615	1002	5.675512	5.680477
5.056245	1002	6.090858	6.095915
4.981258	1002	6.434004	6.438986
41.525229	1002	6.710967	6.752492
5.048509	1002	5.522663	5.527712
4.870436	1002	5.600962	5.605832
5.508811	1002	6.302353	6.307862
5.108982	1002	5.380108	5.385217
5.242682	1002	6.257199	6.262442
4.772881	1002	5.916984	5.921757
30.212166	1002	6.713565	6.743777
5.216589	1002	6.172441	6.177657
5.068313	1002	6.274201	6.279269
5.227977	1002	5.945048	5.950276
5.203823	1002	6.083918	6.089122
5.084345	1002	6.600390	6.605475
5.080191	1002	6.007119	6.012200
7.071100	1002	6.551693	6.558764
5.217248	1002	5.778862	5.784079
5.081695	1002	6.051366	6.056448
5.180137	1002	6.482921	6.488102
5.045826	1002	6.155850	6.160895
5.085623	1002	5.339613	5.344699
4.819696	1002	6.222015	6.226835
5.202687	1002	5.735308	5.740510
5.296353	1002	6.417925	6.423221
5.478224	1002	5.876139	5.881617
5.033269	1002	6.397120	6.402153
36.835552	1002	5.725992	5.762828
4.927302	1002	5.833506	5.838433
5.241716	1002	6.034090	6.039332
5.460413	1002	6.534571	6.540031
4.942977	1002	6.105647	6.110590
5.009251	1002	6.247034	6.252043
4.700867	1002	5.200396	5.205097
5.185222	1002	5.926320	5.931505
4.926373	1002	6.406455	6.411381
5.000514	1002	6.627445	6.632445
5.053553	1002	6.543172	6.548225
5.283135	1002	6.421757	6.427040
4.915410	1002	5.850654	5.855569
5.277920	1002	6.627027	6.632305
5.158322	1002	5.784350	5.789508
4.945892	1002	5.933498	5.938444
5.267330	1002	5.941219	5.946486
4.655754	1002	5.973335	5.977991
4.970138	1002	6.073863	6.078833
5.110991	1002	6.440680	6.445791
