3707.631825	33001	199.258796	202.966428
3799.743213	2001	12.185342	15.985086
3861.287106	2003	12.459016	16.320304
3846.848103	2005	12.259110	16.105958
3819.152886	2007	11.333360	15.152512
3820.401085	2009	11.893628	15.714029
3758.391053	2011	12.227502	15.985893
3777.466827	2013	11.858375	15.635841
4012.651891	2015	11.434935	15.447587
4727.613909	2017	11.152898	15.880512
3703.657808	33001	200.240983	203.944641
3468.834610	2001	11.349682	14.818517
3456.102004	2003	11.858067	15.314169
3530.476182	2005	11.806749	15.337225
3430.622251	2007	11.852499	15.283121
3254.367932	2009	12.156509	15.410876
3215.343987	2011	12.266589	15.481933
3241.182351	2013	12.172061	15.413244
3234.035943	2015	11.225449	14.459485
3276.603017	2017	11.810016	15.086619
4059.407441	33001	200.998993	205.058401
4013.054945	2001	12.342603	16.355658
4024.937198	2003	11.940570	15.965507
3982.122903	2005	11.178415	15.160538
4041.241262	2007	12.119206	16.160447
3874.146150	2009	10.885947	14.760093
3721.109768	2011	12.390527	16.111637
3632.308044	2013	11.404112	15.036420
3750.389258	2015	11.739761	15.490150
3677.871289	2017	11.989328	15.667199
3564.171868	33001	199.085276	202.649448
3602.907150	2001	12.569866	16.172773
3520.092768	2003	12.259950	15.780043
3564.473771	2005	11.634661	15.199135
3543.677264	2007	12.094006	15.637683
3445.283125	2009	11.446381	14.891664
3403.196740	2011	12.973631	16.376828
3484.118845	2013	11.217907	14.702026
3459.789297	2015	11.368552	14.828341
3431.920610	2017	12.037549	15.469470
3570.293238	33001	201.909976	205.480269
3566.491821	2001	11.955735	15.522227
3668.951486	2003	13.057770	16.726722
3550.312623	2005	12.610530	16.160843
3554.322785	2007	11.586247	15.140570
3448.114075	2009	12.504531	15.952645
3420.404012	2011	11.535937	14.956341
3367.537432	2013	11.866758	15.234295
3368.867072	2015	11.939628	15.308495
3380.798129	2017	12.145040	15.525838
3794.449342	33001	199.335286	203.129736
3880.456925	2001	12.453547	16.334004
3857.491463	2003	12.490919	16.348411
3760.066024	2005	12.305815	16.065881
3887.573984	2007	11.205297	15.092871
4042.847050	2009	12.029154	16.072001
4569.713426	2011	11.750630	16.320343
4575.629750	2013	12.156728	16.732358
4169.959798	2015	11.864138	16.034098
3746.954565	2017	11.937137	15.684092
3751.093723	33001	196.899219	200.650313
3620.849302	2001	11.717336	15.338185
3563.957969	2003	11.551473	15.115431
3638.936439	2005	11.675441	15.314378
3558.494909	2007	12.639942	16.198437
3418.632857	2009	12.097640	15.516273
3502.980925	2011	12.269149	15.772129
3471.357096	2013	12.532183	16.003540
3454.004872	2015	12.229828	15.683833
3477.930711	2017	12.561864	16.039795
4062.284662	33001	197.376934	201.439219
3590.607546	2001	12.662984	16.253591
3406.278397	2003	11.909694	15.315972
3377.830153	2005	11.233852	14.611683
3377.221976	2007	12.484192	15.861414
3608.375290	2009	12.121249	15.729624
3457.899812	2011	12.405843	15.863742
3602.572407	2013	13.265987	16.868560
3547.213761	2015	12.313771	15.860985
3579.428254	2017	12.323758	15.903186
3935.327353	33001	196.878357	200.813684
3963.919630	2001	12.439266	16.403186
3879.182173	2003	12.111842	15.991024
3958.133714	2005	12.099552	16.057686
3916.952448	2007	12.444410	16.361363
3858.052646	2009	12.380473	16.238525
3656.982105	2011	12.531620	16.188602
3803.917009	2013	11.828050	15.631967
3921.004749	2015	12.775333	16.696338
3881.245935	2017	12.548333	16.429579
3556.558955	33001	197.770218	201.326777
3817.744590	2001	11.801270	15.619014
4367.735410	2003	11.118597	15.486332
4460.679001	2005	12.002162	16.462841
4338.065898	2007	11.762784	16.100850
4500.790988	2009	12.815895	17.316686
3987.071109	2011	11.570976	15.558047
3537.618999	2013	12.596479	16.134098
3593.690466	2015	12.193495	15.787185
3529.900187	2017	12.326713	15.856613
