2.892601	1	0.003979	0.006871
2.815269	1	0.003511	0.006327
2.827798	1	0.004363	0.007191
2.814906	1	0.004326	0.007141
2.807666	1	0.005262	0.008070
2.827910	1	0.004106	0.006933
2.763405	1	0.003601	0.006364
2.750229	1	0.016468	0.019219
2.749951	1	0.005682	0.008432
2.764679	1	0.003246	0.006011
3.604641	1	0.005271	0.008875
3.536414	1	0.003063	0.006600
3.511184	1	0.013419	0.016931
3.428355	1	0.002855	0.006283
3.482604	1	0.003431	0.006913
3.487819	1	0.003201	0.006689
3.505517	1	0.046311	0.049816
3.496955	1	0.007407	0.010904
3.482888	1	0.003132	0.006615
3.487895	1	0.004265	0.007752
3.186383	1	0.005342	0.008528
23.962677	1	0.004214	0.028176
4.560902	1	0.003372	0.007933
4.277702	1	0.004842	0.009119
3.066813	1	0.005391	0.008458
3.053669	1	0.020797	0.023850
3.068538	1	0.003121	0.006190
3.082675	1	0.003328	0.006410
3.085451	1	0.002944	0.006029
3.043693	1	0.003378	0.006421
6.252847	1	0.003730	0.009983
3.001944	1	0.003633	0.006635
3.037502	1	0.003058	0.006096
3.029368	1	0.003610	0.006639
3.026314	1	0.002713	0.005739
2.995078	1	0.003548	0.006543
3.045805	1	0.003280	0.006326
18.051718	1	0.003274	0.021326
2.983264	1	0.003820	0.006803
3.339484	1	0.005298	0.008637
3.296495	1	0.003363	0.006659
3.198235	1	0.003121	0.006320
3.176082	1	0.002739	0.005915
3.199724	1	0.003736	0.006936
3.187107	1	0.004378	0.007566
3.200340	1	0.002807	0.006007
3.189978	1	0.002642	0.005832
3.185356	1	0.004598	0.007784
3.193945	1	0.002758	0.005952
3.181113	1	0.082097	0.085278
6.255908	1	0.003254	0.009510
3.138649	1	0.003633	0.006772
3.123143	1	0.002929	0.006052
3.135579	1	0.002990	0.006125
3.162290	1	0.005489	0.008652
3.110870	1	0.016468	0.019579
3.078251	1	0.003354	0.006432
3.181082	1	0.006512	0.009693
3.171651	1	0.003712	0.006883
3.133532	1	0.003863	0.006996
3.198670	1	0.002855	0.006054
18.516800	1	0.008182	0.026699
2.952365	1	0.002990	0.005942
3.252999	1	0.003723	0.006976
3.226753	1	0.008625	0.011852
3.218275	1	0.003736	0.006955
3.233859	1	0.003338	0.006571
2.960017	1	0.009338	0.012298
2.911378	1	0.003656	0.006567
2.997947	1	0.006575	0.009572
3.345628	1	0.007407	0.010752
3.167209	1	0.006063	0.009230
3.157532	1	0.016468	0.019626
3.181980	1	0.002952	0.006134
3.162344	1	0.004350	0.007513
3.179702	1	0.004226	0.007406
3.188270	1	0.004226	0.007415
20.125028	1	0.003979	0.024104
3.388196	1	0.006063	0.009451
3.701520	1	0.002642	0.006344
4.709970	1	0.002981	0.007691
3.166209	1	0.003406	0.006572
3.177822	1	0.004445	0.007623
3.164065	1	0.004226	0.007390
3.170331	1	0.004912	0.008083
3.165727	1	0.002758	0.005924
3.108823	1	0.002944	0.006053
3.184980	1	0.003342	0.006527
3.145950	1	0.002972	0.006118
3.160550	1	0.003865	0.007025
3.723240	1	0.002744	0.006468
3.567935	1	0.003201	0.006769
3.595147	1	0.003633	0.007229
3.596564	1	0.005277	0.008873
3.603536	1	0.004445	0.008048
3.630158	1	0.003399	0.007029
3.558905	1	0.002713	0.006272
3.596067	1	0.003301	0.006897
3.581387	1	0.002931	0.006513
3.614114	1	0.002983	0.006597
