99.951208	32002	194.412580	194.512532
98.728807	32002	194.855960	194.954689
99.477977	32002	193.191323	193.290801
107.129487	32002	190.725254	190.832384
110.612809	32002	195.346559	195.457172
87.904821	32002	194.890177	194.978081
324.632214	32002	192.323362	192.647994
87.340544	32002	193.670920	193.758260
87.357371	32002	192.133619	192.220977
106.591979	32002	194.419728	194.526320
98.284572	32002	193.307143	193.405427
112.079483	32002	192.507102	192.619181
107.990420	32002	192.577626	192.685616
101.362723	32002	193.662924	193.764286
103.668731	32002	191.156693	191.260362
92.332993	32002	189.502761	189.595094
104.630013	32002	191.357755	191.462385
98.857097	32002	197.551047	197.649904
98.622519	32002	192.236481	192.335104
93.713980	32002	192.755545	192.849259
100.305855	32002	196.166060	196.266366
95.601440	32002	195.441963	195.537564
314.675532	32002	191.782070	192.096746
91.414975	32002	194.659239	194.750654
94.344550	32002	192.380477	192.474822
98.723358	32002	192.368130	192.466853
192.479178	32002	194.462149	194.654629
126.737589	32002	191.429316	191.556053
112.478096	32002	191.469957	191.582435
111.648200	32002	191.327165	191.438813
314.128593	32002	192.164834	192.478963
99.437095	32002	193.719196	193.818633
88.775945	32002	193.947299	194.036075
93.128332	32002	192.454429	192.547557
257.666014	32002	192.429382	192.687048
112.189841	32002	190.900556	191.012746
111.540880	32002	189.807412	189.918953
88.884542	32002	191.976577	192.065462
324.788503	32002	191.199486	191.524274
86.605383	32002	193.650083	193.736689
673.624165	32002	194.044390	194.718014
104.691544	32002	196.472929	196.577621
110.857038	32002	194.763947	194.874804
111.608717	32002	191.841105	191.952714
113.784155	32002	192.755173	192.868957
103.709315	32002	191.828430	191.932140
325.121044	32002	192.995511	193.320632
98.567820	32002	193.168547	193.267114
100.865836	32002	192.453741	192.554607
96.196185	32002	191.353785	191.449981
103.808737	32002	192.846624	192.950433
106.493071	32002	193.722976	193.829469
97.507413	32002	192.934356	193.031863
91.977176	32002	194.095216	194.187193
312.671470	32002	196.248324	196.560996
90.647879	32002	193.252374	193.343022
105.722625	32002	194.002752	194.108474
110.439674	32002	189.582414	189.692853
106.259383	32002	192.528623	192.634882
95.031357	32002	193.852139	193.947171
96.795887	32002	194.172080	194.268875
99.188773	32002	193.573429	193.672618
300.243262	32002	191.225816	191.526060
107.896774	32002	193.201239	193.309136
91.961593	32002	196.790354	196.882316
88.954076	32002	193.756971	193.845925
105.965351	32002	193.629604	193.735570
98.811482	32002	191.573770	191.672581
92.694755	32002	191.404665	191.497360
96.147227	32002	192.109675	192.205822
95.485030	32002	191.595312	191.690797
94.029788	32002	192.861241	192.955270
103.753102	32002	195.185497	195.289250
98.046077	32002	194.259755	194.357801
100.893035	32002	192.010938	192.111831
105.246225	32002	192.606975	192.712221
95.771690	32002	192.570151	192.665923
99.100487	32002	195.069186	195.168286
102.894137	32002	190.917356	191.020250
99.059425	32002	191.214518	191.313578
107.305421	32002	192.102339	192.209644
101.092281	32002	191.524624	191.625716
97.756580	32002	191.784787	191.882544
107.554002	32002	193.354521	193.462075
93.655496	32002	192.763631	192.857287
108.446115	32002	191.338194	191.446640
93.317499	32002	194.074467	194.167784
107.013737	32002	190.163913	190.270927
101.668921	32002	193.363969	193.465637
107.189299	32002	191.812583	191.919772
109.682221	32002	191.129419	191.239101
102.908118	32002	190.326728	190.429636
98.310460	32002	192.266833	192.365143
98.016271	32002	192.399382	192.497398
101.792724	32002	193.078363	193.180156
86.182132	32002	191.249507	191.335689
107.015952	32002	197.077061	197.184077
106.865308	32002	193.233380	193.340246
107.185745	32002	188.038225	188.145411
97.415393	32002	194.150821	194.248236
