1.625912	1000	5.649203	5.650829
0.176778	2	0.006624	0.006801
0.175307	1	0.002931	0.003106
0.174620	1	0.006575	0.006749
0.176416	2	0.087759	0.087935
0.175689	1	0.005832	0.006008
0.749160	517	3.290997	3.291746
0.578391	484	3.020013	3.020592
0.179589	1	0.003254	0.003434
0.441404	517	3.292774	3.293215
0.897424	496	3.003839	3.004737
0.816326	1000	6.097692	6.098508
0.187345	1	0.002929	0.003116
0.186101	1	0.003601	0.003787
0.183478	1	0.002855	0.003038
0.184093	1	0.003548	0.003732
0.192626	1	0.003818	0.004010
0.187509	1	0.003939	0.004127
0.187007	1	0.002855	0.003042
0.184811	1	0.003425	0.003609
0.491875	1	0.082097	0.082589
1.159046	505	3.343168	3.344327
16.272542	1	0.003059	0.019331
0.196872	1	0.003246	0.003443
0.198098	1	0.003863	0.004061
0.195609	1	0.003058	0.003254
0.227005	1	0.002642	0.002869
0.192689	1	0.003865	0.004057
0.191928	1	0.002713	0.002905
0.836404	505	2.771060	2.771897
0.504961	1	0.003213	0.003718
1.086463	1000	5.967130	5.968217
0.196215	1	0.003249	0.003445
0.195575	1	0.003712	0.003907
0.204565	1	0.003246	0.003451
0.195994	1	0.003059	0.003255
0.457843	485	2.549485	2.549943
0.195870	1	0.008775	0.008971
0.525522	516	3.544799	3.545324
1.349871	1000	6.051599	6.052949
0.497379	1	0.005298	0.005795
0.195597	1	0.003784	0.003980
0.193779	1	0.016468	0.016662
0.194820	1	0.003276	0.003471
0.197475	1	0.002757	0.002954
0.196454	1	0.002886	0.003082
18.488807	1	0.002642	0.021131
0.200045	1	0.003781	0.003981
0.195604	1	0.004073	0.004268
0.194460	1	0.004363	0.004558
0.495366	1	0.003511	0.004007
0.193288	1	0.003162	0.003356
0.193377	1	0.002983	0.003176
0.193517	1	0.003342	0.003535
0.206086	1	0.022622	0.022828
0.193377	1	0.002807	0.003000
0.661732	511	3.037752	3.038414
0.196376	1	0.003012	0.003209
0.842913	1000	5.849290	5.850133
0.435906	490	2.750331	2.750767
0.500362	1	0.005832	0.006332
0.195744	1	0.003289	0.003485
0.193570	1	0.004588	0.004781
0.192471	1	0.002744	0.002937
0.198900	1	0.003939	0.004138
0.199115	1	0.003213	0.003412
0.192556	1	0.002758	0.002951
19.264355	1	0.003610	0.022874
0.198818	1	0.003820	0.004018
0.655936	502	2.859822	2.860478
0.487709	1	0.003780	0.004268
0.193870	1	0.003803	0.003997
0.456459	264	1.501195	1.501652
0.194586	1	0.003309	0.003504
0.196729	1	0.005891	0.006088
0.196562	1	0.017445	0.017642
0.978048	1000	6.219951	6.220929
0.711246	1000	6.069799	6.070510
0.197119	1	0.006700	0.006897
0.200354	1	0.003399	0.003600
0.956352	509	3.064195	3.065151
0.194012	1	0.003013	0.003207
0.199814	1	0.004293	0.004493
0.197578	1	0.003301	0.003499
0.205382	1	0.006833	0.007038
0.195159	1	0.003601	0.003796
0.193986	1	0.003159	0.003353
0.626966	492	2.953432	2.954059
18.784232	1	0.003012	0.021797
0.376152	1	0.003876	0.004253
0.490073	1	0.003012	0.003502
0.195945	1	0.003425	0.003620
0.195354	1	0.003818	0.004013
0.192806	1	0.004946	0.005139
0.192196	1	0.002642	0.002834
0.192777	1	0.002967	0.003160
0.192036	1	0.002931	0.003123
0.200736	1	0.016497	0.016698
0.193733	1	0.002747	0.002940
0.192949	1	0.002967	0.003160
