0.7924810943160976138632646976
0.7926477895935165023807157507
0.7985029047442650500085832257
0.8034938245950072731543806073
0.8071534409699948500646000669
0.8134657258246672870682411615
0.8138415807591185478989167066
0.8167747851934839764729266993
0.8217169161825426224916652361
0.823327852115539252446219315
0.8239964402200919760392479287
0.824852955791870330047614315
0.8271026644139463864619943802
0.8275232424716075929924738663
0.841968359519700761648340727
0.8493792972596922687724180302
0.8564676864141090160009396373
0.8657850037495143701267606906
0.8676787343807880304659336291
0.8787267010598024954599253711
0.8793406275693208409754158347
0.8793668289950397990621696587
0.8831032426523070807094261888
0.884590399436217598323108754
0.8856845348343437446354839584
0.8882522745548016371373587156
0.8900926988371987965414118051
0.8917307396933529693443319088
0.8944452977475808856081893008
0.8949178269079607159313703346
0.8969199772318645476640073725
0.9037273786828814340311345217
0.9037508696162846378330517433
0.9047040594139915613339236183
0.9122188993594203160434040169
0.9175427580162810238432974043
0.9175639902060877657411841237
0.9183355770186391521580036321
0.9189838364308237186147577272
0.9344490020870790831307993242
0.936441213939158482485702153
0.9394891625482241757844616511
0.9461217372448749107796279398
0.9476983402752053197929183871
0.9487061916679466213713284123
0.9598851654755558767990892746
0.9603802820719003261625753291
0.9608632014528238812442966724
0.9638406772616799631373045057
0.9653025361173101074258454477
0.9680911809615019741419033077
0.9690263008104372024105311661
0.9710298063804989112855865054
0.9710392931036040512825146141
0.9736499489523947199609689107
0.9739331953993910427263938707
0.9745688058474354225205771542
0.9762813852422728381565038263
0.976370379739973437175305608
0.9821545703417930810166153179
0.982895438241432585538619998
0.9841400059630830946594266405
0.9852223958945076390708432342
0.9867899639504522004680116732
0.9902449381556003288730676449
0.9903515508533533307433073427
0.9927769897272341232912604693
0.9932775273082100812244197288
0.9945252572708956370108690742
0.9948085037178919597762940342
0.9982657366666365500853805079
1.0012779971268781453004580732
1.0025406347973003496535087323
1.0060873139924648313622030882
1.0088958357803055628337293664
1.0116329812704980981378917791
1.0132529521778805757085678662
1.0142156286986926392063678499
1.0197920148896377878768713691
1.0216599958439117825100965839
1.0230048517812452001698575185
1.0231869065151200296347159856
1.0251221980285685890080501622
1.0255951789376677117120372964
1.0265501757302518047361335731
1.0270263188803859741057634102
1.0273569989429079968558289137
1.0292032959586559572103613086
1.0334940052944949901067030475
1.0421752604331366720575347169
1.046915007995952331475140268
1.0534350972614992636495875534
1.0582841680143836792222694049
1.0642856497501829582313134142
1.0801795249410467921323443048
1.082974946016028044560493671
1.0900452652216730965567712616
1.0966516384926048734651837262
1.098204750589532078676556952
1.1087196537797815343193502046
1.1096601946133482711576512681
1.1135465888454206232325331358
1.1169848483479549335477633921
1.1189214951075613700635158699
1.1203950994298931162530154227
1.1209417153802368970283969245
1.1249776384383950271500980295
1.1273619681788202130446960183
1.1339868631472429775661585999
1.1343568453483434374463548396
1.1352544700535773981080763636
1.1373587155880413079028920953
1.1387844345461280617269450041
1.1397055501847652261905837497
1.1410463403836250124230897805
1.1452882608577804681923726746
1.1459026391160181060886692386
1.1486131314317723909252717269
1.1588100035236400104805702876
1.1594189607972461398071936466
1.1613032047054146601494384763
1.1629457630487617567604195842
1.1788712606499760573178775038
1.1809624054715804880693163235
1.1818247937767096430281620152
1.182974946016028044560493671
1.1936402815298018630117183618
1.1968454386931813048310008041
1.2217724812750155853308155871
1.2222147432712028261399878931
1.2239982472149691455624723304
1.2244712281240682682664594646
1.2287492884957671145002303918
1.2316540327608171230834560584
1.2388165087051978207641781336
1.2536736205852856407152085724
1.2551137955023897507250566945
1.2640877838111328954382414326
1.267880214309592432305454414
1.2793636667540047523965269558
1.2879816770719455010345045672
1.2979201488963778787687136907
1.3051440626665823402390654222
1.3089477868830241866264309141
1.3122401315492270579412907364
1.3135465888454206232325331358
1.3220024213731354071611206982
1.3334397954481799044099709977
1.3359438385992175712181855964
1.3430421662254587508244414127
1.3503876004011528627316341558
1.3763712832374120219369178088
1.3781778263658622527805133672
1.379508678092897606635285189
1.3886877603201994922344395154
1.4525302445767566248949684228
1.4736892510909731570910996467
1.4839453022650680785319973618
1.5350981649967022343491656201
1.5509486723105139996928108709
1.5787041136238378764196203504
1.5811783413594022460946323217
1.5830232831289923293067464154
1.5893581554196293853506925308
1.6025939411461768505886285812
1.6133288459627216956839927359
1.6173141731643190791554105944
1.6468156232777080076977981767
1.6538606445550726863689341441
1.6985272991751068385721126481
1.704583894254659788039500908
1.7496358905322503410702830657
1.7674049746568968476974367778
1.8188103649226154443852151679
1.882408453122035399029643751
1.9536456121646895131052303467
1.9723520748818677099050424192
2.0100166243528699596136644953
2.0393784841119975424869670494
2.0499286237023518038326361345
2.1165949892032056089120987342
2.2220082941064862081116000036
2.4547465237936050451296970573
2.5875669717476350954545043865
2.6323894796758251190357875335
2.8012933565833340862478654873
4.0258237637896296563999241062
4.9405245706128423125920438016
4.9492207334592206431094767846
5.2335188514740560710510385703
6.2389750725056694464271193791
6.7865351776727712976933710393
8.663922895528591176444014781
13.893221058718298533623657177
14.528688754167381935472212936
17.204505741726222206160045536
24.6290844860454820610583569
27.306643416665913752134512699
